-00299,000306,003970,000000,000000,000000,0.0000,-0.0000,-0.0000,-0.0000
-00277,000310,003932,-00001,-00003,-00001,0.0000,-0.0000,-0.0000,-0.0000
-00290,000304,003995,000001,-00002,-00002,0.0000,-0.0000,-0.0000,-0.0000
-00266,000304,003980,000001,000000,-00001,0.0000,-0.0000,-0.0000,-0.0000
-00271,000316,003971,000000,-00001,000000,0.0000,-0.0000,-0.0000,-0.0000
-00270,000313,003975,000000,000000,000000,0.0000,-0.0000,-0.0000,-0.0000
-00288,000318,003964,-00001,000001,000001,0.0000,-0.0000,-0.0000,-0.0000
-00277,000329,003990,000000,-00001,000001,0.0000,-0.0000,-0.0000,-0.0000
-00280,000320,003974,-00001,-00002,-00001,0.0000,-0.0000,-0.0000,-0.0000
-00291,000322,004002,000000,-00002,-00001,0.0000,-0.0000,-0.0000,-0.0000
-00293,000309,003977,-00001,-00002,-00001,0.0000,-0.0000,-0.0000,-0.0000
-00290,000307,004003,-00002,000001,000000,0.0000,-0.0000,-0.0000,-0.0000
-00290,000323,003966,000000,000002,000000,0.0000,-0.0000,-0.0000,-0.0000
-00305,000318,003982,000002,000002,000001,0.0000,-0.0000,-0.0000,-0.0000
-00312,000326,004009,-00002,-00003,-00002,0.0000,-0.0000,-0.0000,-0.0000
-00293,000336,003974,000002,-00001,000002,0.0000,-0.0000,-0.0000,-0.0000
-00286,000308,003973,000000,000001,000001,0.0000,-0.0000,-0.0000,-0.0000
-00266,000322,003946,000001,000000,000001,0.0000,-0.0000,-0.0000,-0.0000
-00247,000313,003998,000000,-00002,000001,0.0000,-0.0000,-0.0000,-0.0000
-00259,000301,003991,000000,-00001,000001,0.0000,-0.0000,-0.0000,-0.0000
-00255,000297,004002,-00004,000001,000000,0.0000,-0.0000,-0.0000,-0.0000
-00250,000315,003971,000003,000000,-00001,0.0000,-0.0000,-0.0000,-0.0000
-00271,000299,003966,-00001,000001,000000,0.0000,-0.0000,-0.0000,-0.0000
-00281,000318,003980,-00001,000000,-00003,0.0000,-0.0000,-0.0000,-0.0000
-00289,000314,003978,000002,-00002,-00001,0.0000,-0.0000,-0.0000,-0.0000
-00284,000314,003963,000000,000001,-00002,0.0000,-0.0000,-0.0000,-0.0000
-00295,000327,003983,000001,-00002,-00001,0.0000,-0.0000,-0.0000,-0.0000
-00274,000307,003998,000000,000000,000001,0.0000,-0.0000,-0.0000,-0.0000
-00297,000318,004022,000001,000000,000002,0.0000,-0.0000,-0.0000,-0.0000
-00279,000328,004015,000000,000001,-00002,0.0000,-0.0000,-0.0000,-0.0000
-00261,000322,003968,-00003,000001,000001,0.0000,-0.0000,-0.0000,-0.0000
-00268,000332,003972,-00001,000001,000003,0.0000,-0.0000,-0.0000,-0.0000
-00269,000309,004049,-00004,000001,-00001,0.0000,-0.0000,-0.0000,-0.0000
-00273,000316,003968,000003,-00001,000002,0.0000,-0.0000,-0.0000,-0.0000
-00262,000331,003976,000007,-00003,000002,0.0000,-0.0000,-0.0000,-0.0000
-00286,000331,003955,000000,000002,000000,0.0000,-0.0000,-0.0000,-0.0000
-00278,000321,004023,-00002,000003,000004,0.0000,-0.0000,-0.0000,-0.0000
-00291,000324,003994,-00002,000002,000002,0.0000,-0.0000,-0.0000,-0.0000
-00288,000309,004001,-00002,000002,000002,0.0000,-0.0000,-0.0000,-0.0000
-00274,000301,004004,000001,-00002,-00001,0.0000,-0.0000,-0.0000,-0.0000
-00273,000303,003978,000000,-00003,-00002,0.0000,-0.0000,-0.0000,-0.0000
-00276,000310,004005,-00004,000001,000001,0.0000,-0.0000,-0.0000,-0.0000
-00292,000316,003986,-00002,000002,000001,0.0000,-0.0000,-0.0000,-0.0000
-00296,000319,003980,000000,000002,-00001,0.0000,-0.0000,-0.0000,-0.0000
-00283,000304,003990,-00003,000002,-00003,0.0000,-0.0000,-0.0000,-0.0000
-00270,000304,003990,-00001,000001,-00004,0.0000,-0.0000,-0.0000,-0.0000
-00288,000330,004001,-00001,000002,000000,0.0000,-0.0000,-0.0000,-0.0000
-00297,000339,003971,000002,-00002,000000,0.0000,-0.0000,-0.0000,-0.0000
-00321,000324,003993,000000,000001,000001,0.0000,-0.0000,-0.0000,-0.0000
-00315,000314,003990,-00001,000000,000001,0.0000,-0.0000,-0.0000,-0.0000
-00303,000311,003989,000000,000002,000004,0.0000,-0.0000,-0.0000,-0.0000
-00280,000318,003970,-00001,-00001,-00001,0.0000,-0.0000,-0.0000,-0.0000
-00268,000298,003997,-00001,000001,-00002,0.0000,-0.0000,-0.0000,-0.0000
-00273,000277,003992,-00002,000000,-00003,0.0000,-0.0000,-0.0000,-0.0000
-00271,000286,003993,-00001,000000,-00003,0.0000,-0.0000,-0.0000,-0.0000
-00276,000316,003990,000000,000001,-00001,0.0000,-0.0000,-0.0000,-0.0000
-00289,000310,003961,000002,-00001,-00005,0.0000,-0.0000,-0.0000,-0.0000
-00274,000300,004014,-00002,000001,-00004,0.0000,-0.0000,-0.0000,-0.0000
-00266,000314,003988,000004,000001,-00002,0.0000,-0.0000,-0.0000,-0.0000
-00261,000325,003963,-00001,-00001,-00003,0.0000,-0.0000,-0.0000,-0.0000
-00273,000320,003991,-00001,-00001,-00001,0.0000,-0.0000,-0.0000,-0.0000
-00256,000330,003987,-00002,000001,-00002,0.0000,-0.0000,-0.0000,-0.0000
-00265,000328,004007,000003,000001,000000,0.0000,-0.0000,-0.0000,-0.0000
-00280,000351,003986,000001,-00001,000000,0.0000,-0.0000,-0.0000,-0.0000
-00285,000329,003997,000000,000001,000001,0.0000,-0.0000,-0.0000,-0.0000
-00285,000330,003984,-00002,000001,000002,0.0000,-0.0000,-0.0000,-0.0000
-00291,000316,003977,000001,000002,000000,0.0000,-0.0000,-0.0000,-0.0000
-00287,000324,003988,000001,000000,000000,0.0000,-0.0000,-0.0000,-0.0000
-00292,000326,003979,000002,000003,-00002,0.0000,-0.0000,-0.0000,-0.0000
-00293,000321,003966,-00001,-00001,-00002,0.0000,-0.0000,-0.0000,-0.0000
-00321,000320,003965,-00002,000001,-00002,0.0000,-0.0000,-0.0000,-0.0000
-00289,000311,003987,-00001,000001,-00001,0.0000,-0.0000,-0.0000,-0.0000
-00285,000314,003973,-00001,-00001,-00001,0.0000,-0.0000,-0.0000,-0.0000
-00266,000326,003986,-00001,-00001,000002,0.0000,-0.0000,-0.0000,-0.0000
-00248,000295,003984,-00002,-00001,000002,0.0000,-0.0000,-0.0000,-0.0000
-00251,000310,003979,000000,000002,-00002,0.0000,-0.0000,-0.0000,-0.0000
-00259,000306,003976,000001,000002,000000,0.0000,-0.0000,-0.0000,-0.0000
-00278,000307,003976,-00002,000000,-00002,0.0000,-0.0000,-0.0000,-0.0000
-00285,000344,003993,000000,000001,-00003,0.0000,-0.0000,-0.0000,-0.0000
-00300,000317,003983,-00001,-00001,000000,0.0000,-0.0000,-0.0000,-0.0000
-00292,000326,003984,-00003,000002,-00001,0.0000,-0.0000,-0.0000,-0.0000
-00299,000343,003999,-00001,000002,000002,0.0000,-0.0000,-0.0000,-0.0000
-00272,000325,003969,-00001,000003,-00002,0.0000,-0.0000,-0.0000,-0.0000
-00264,000325,003990,-00001,000001,000000,0.0000,-0.0000,-0.0000,-0.0000
-00249,000320,003967,000000,000000,-00003,0.0000,-0.0000,-0.0000,-0.0000
-00274,000328,003961,000001,000001,000001,0.0000,-0.0000,-0.0000,-0.0000
-00278,000329,003991,-00003,000001,000000,0.0000,-0.0000,-0.0000,-0.0000
-00286,000324,003979,000001,000003,000001,0.0000,-0.0000,-0.0000,-0.0000
-00285,000316,004023,-00003,000000,-00001,0.0000,-0.0000,-0.0000,-0.0000
-00310,000318,004027,-00001,000001,-00001,0.0000,-0.0000,-0.0000,-0.0000
-00284,000287,003971,000001,000003,000000,0.0000,-0.0000,-0.0000,-0.0000
-00298,000304,003970,-00001,-00001,-00001,0.0000,-0.0000,-0.0000,-0.0000
-00286,000293,003999,000000,000000,000001,0.0000,-0.0000,-0.0000,-0.0000
-00301,000298,004011,000000,000001,-00001,0.0000,-0.0000,-0.0000,-0.0000
-00291,000320,003987,-00001,000001,-00001,0.0000,-0.0000,-0.0000,-0.0000
-00289,000310,004003,000000,000000,-00001,0.0000,-0.0000,-0.0000,-0.0000
-00292,000337,004009,-00001,000000,000000,0.0000,-0.0000,-0.0000,-0.0000
-00258,000346,004003,-00001,-00001,000000,0.0000,-0.0000,-0.0000,-0.0000
-00250,000330,003997,000000,000000,000000,0.0000,-0.0000,-0.0000,-0.0000
-00222,000335,004001,000003,000000,-00001,0.0000,-0.0000,-0.0000,-0.0000
-00247,000336,003961,000000,-00001,-00002,0.0000,-0.0000,-0.0000,-0.0000
-00273,000314,004010,-00002,000000,-00001,0.0000,-0.0000,-0.0000,-0.0000
-00281,000311,003972,000001,000000,000000,0.0000,-0.0000,-0.0000,-0.0000
-00295,000321,003991,000000,-00001,-00002,0.0000,-0.0000,-0.0000,-0.0000
-00298,000319,003989,-00002,-00002,000002,0.0000,-0.0000,-0.0000,-0.0000
-00281,000326,004000,-00001,-00003,000000,0.0000,-0.0000,-0.0000,-0.0000
-00278,000315,003966,-00001,000000,000001,0.0000,-0.0000,-0.0000,-0.0000
-00282,000304,003989,-00003,000002,000000,0.0000,-0.0000,-0.0000,-0.0000
-00282,000306,003997,000001,-00002,-00001,0.0000,-0.0000,-0.0000,-0.0000
-00275,000313,003986,000001,000001,-00003,0.0000,-0.0000,-0.0000,-0.0000
-00267,000303,004007,-00001,-00001,-00002,0.0000,-0.0000,-0.0000,-0.0000
-00273,000310,003979,000001,000001,-00001,0.0000,-0.0000,-0.0000,-0.0000
-00272,000310,003966,-00004,-00002,000004,0.0000,-0.0000,-0.0000,-0.0000
-00285,000293,004005,000002,000002,000003,0.0000,-0.0000,-0.0000,-0.0000
-00274,000316,003981,-00002,000000,000000,0.0000,-0.0000,-0.0000,-0.0000
-00293,000309,003987,000002,000002,000000,0.0000,-0.0000,-0.0000,-0.0000
-00287,000317,004026,-00001,000002,-00002,0.0000,-0.0000,-0.0000,-0.0000
-00301,000313,003991,-00001,-00002,000000,0.0000,-0.0000,-0.0000,-0.0000
-00303,000332,003990,-00003,000000,-00002,0.0000,-0.0000,-0.0000,-0.0000
-00280,000313,003997,-00003,000002,000000,0.0000,-0.0000,-0.0000,-0.0000
-00266,000322,003997,000001,-00001,000000,0.0000,-0.0000,-0.0000,-0.0000
-00236,000312,003991,-00002,-00002,000000,0.0000,-0.0000,-0.0000,-0.0000
-00265,000309,003968,-00003,-00002,-00001,0.0000,-0.0000,-0.0000,-0.0000
-00218,000311,003977,000000,-00001,-00001,0.0000,-0.0000,-0.0000,-0.0000
-00243,000307,003981,-00004,000001,000000,0.0000,-0.0000,-0.0000,-0.0000
-00283,000309,004026,-00002,000001,-00005,0.0000,-0.0000,-0.0000,-0.0000
-00283,000317,003979,000002,000000,-00003,0.0000,-0.0000,-0.0000,-0.0000
-00306,000309,003965,000000,000003,-00001,0.0000,-0.0000,-0.0000,-0.0000
-00296,000319,003994,000003,000003,000001,0.0000,-0.0000,-0.0000,-0.0000
-00319,000291,004019,000001,000002,-00001,0.0000,-0.0000,-0.0000,-0.0000
-00307,000317,003992,-00002,-00001,000000,0.0000,-0.0000,-0.0000,-0.0000
-00281,000304,004016,-00002,000001,000000,0.0000,-0.0000,-0.0000,-0.0000
-00290,000306,004004,-00001,-00001,000001,0.0000,-0.0000,-0.0000,-0.0000
-00297,000327,004003,000003,000002,-00003,0.0000,-0.0000,-0.0000,-0.0000
-00273,000340,003993,000001,000000,-00002,0.0000,-0.0000,-0.0000,-0.0000
-00284,000337,003982,000002,000002,000000,0.0000,-0.0000,-0.0000,-0.0000
-00277,000330,004004,000002,-00001,-00002,0.0000,-0.0000,-0.0000,-0.0000
-00262,000330,004006,000001,-00001,000001,0.0000,-0.0000,-0.0000,-0.0000
-00250,000315,004010,-00002,-00001,-00002,0.0000,-0.0000,-0.0000,-0.0000
-00256,000328,003985,000000,000000,-00002,0.0000,-0.0000,-0.0000,-0.0000
-00259,000326,003982,-00001,000002,-00002,0.0000,-0.0000,-0.0000,-0.0000
-00291,000310,003982,000000,-00001,-00001,0.0000,-0.0000,-0.0000,-0.0000
-00287,000311,004018,000000,-00001,-00002,0.0000,-0.0000,-0.0000,-0.0000
-00275,000319,003959,-00001,-00002,-00001,0.0000,-0.0000,-0.0000,-0.0000
-00287,000314,003980,000001,000000,-00001,0.0000,-0.0000,-0.0000,-0.0000
-00272,000307,003984,-00001,000003,-00002,0.0000,-0.0000,-0.0000,-0.0000
-00270,000309,004010,000001,000004,000000,0.0000,-0.0000,-0.0000,-0.0000
-00260,000306,003998,-00001,-00002,000001,0.0000,-0.0000,-0.0000,-0.0000
-00270,000310,003986,000000,000000,-00001,0.0000,-0.0000,-0.0000,-0.0000
-00281,000323,003993,000000,000001,-00003,0.0000,-0.0000,-0.0000,-0.0000
-00289,000323,003960,000002,-00002,000000,0.0000,-0.0000,-0.0000,-0.0000
-00279,000334,003973,000000,-00004,-00001,0.0000,-0.0000,-0.0000,-0.0000
-00317,000322,003983,000001,000000,000001,0.0000,-0.0000,-0.0000,-0.0000
-00285,000307,004001,-00001,000000,000001,0.0000,-0.0000,-0.0000,-0.0000
-00307,000299,003996,-00002,-00002,-00001,0.0000,-0.0000,-0.0000,-0.0000
-00287,000320,004006,000001,000002,-00004,0.0000,-0.0000,-0.0000,-0.0000
-00284,000314,003982,000000,-00001,000002,0.0000,-0.0000,-0.0000,-0.0000
-00281,000316,003990,-00003,000001,-00002,0.0000,-0.0000,-0.0000,-0.0000
-00267,000325,003986,000001,000000,-00001,0.0000,-0.0000,-0.0000,-0.0000
-00271,000335,003995,000000,-00001,000000,0.0000,-0.0000,-0.0000,-0.0000
-00273,000331,003978,-00002,000001,000000,0.0000,-0.0000,-0.0000,-0.0000
-00271,000313,003993,000002,000000,000001,0.0000,-0.0000,-0.0000,-0.0000
-00272,000334,003988,-00001,000001,000002,0.0000,-0.0000,-0.0000,-0.0000
-00263,000323,004001,-00001,000001,000001,0.0000,-0.0000,-0.0000,-0.0000
-00270,000325,004006,-00001,000000,-00002,0.0000,-0.0000,-0.0000,-0.0000
-00274,000311,003981,000001,-00001,000000,0.0000,-0.0000,-0.0000,-0.0000
-00282,000317,004000,-00001,-00001,-00001,0.0000,-0.0000,-0.0000,-0.0000
-00303,000317,004004,000001,000001,000002,0.0000,-0.0000,-0.0000,-0.0000
-00309,000316,003976,-00001,000001,-00002,0.0000,-0.0000,-0.0000,-0.0000
-00298,000324,003965,-00002,-00001,000001,0.0000,-0.0000,-0.0000,-0.0000
-00306,000322,003978,000000,000001,-00001,0.0000,-0.0000,-0.0000,-0.0000
-00291,000314,004020,000000,000001,000000,0.0000,-0.0000,-0.0000,-0.0000
-00286,000332,003993,000000,000000,000001,0.0000,-0.0000,-0.0000,-0.0000
-00275,000320,003971,-00001,000001,000000,0.0000,-0.0000,-0.0000,-0.0000
-00279,000316,003981,000000,000004,000002,0.0000,-0.0000,-0.0000,-0.0000
-00256,000322,003993,000000,000000,-00001,0.0000,-0.0000,-0.0000,-0.0000
-00257,000327,003980,-00001,000002,000001,0.0000,-0.0000,-0.0000,-0.0000
-00276,000321,003968,-00001,000002,000002,0.0000,-0.0000,-0.0000,-0.0000
-00281,000302,003993,000002,-00001,-00001,0.0000,-0.0000,-0.0000,-0.0000
-00275,000311,004004,-00001,-00001,000001,0.0000,-0.0000,-0.0000,-0.0000
-00281,000307,003997,-00003,000002,000001,0.0000,-0.0000,-0.0000,-0.0000
-00284,000319,003973,000003,000000,000000,0.0000,-0.0000,-0.0000,-0.0000
-00274,000324,003987,000002,000001,000000,0.0000,-0.0000,-0.0000,-0.0000
-00283,000319,004004,-00002,000001,000002,0.0000,-0.0000,-0.0000,-0.0000
-00267,000314,003982,000000,-00003,-00001,0.0000,-0.0000,-0.0000,-0.0000
-00266,000319,004001,000000,000000,-00001,0.0000,-0.0000,-0.0000,-0.0000
-00260,000336,004005,-00001,000004,000001,0.0000,-0.0000,-0.0000,-0.0000
-00286,000326,003973,-00001,000001,-00002,0.0000,-0.0000,-0.0000,-0.0000
-00299,000312,004013,000000,000000,-00001,0.0000,-0.0000,-0.0000,-0.0000
-00291,000323,003994,000000,000000,-00004,0.0000,-0.0000,-0.0000,-0.0000
-00302,000333,003970,000001,000002,000002,0.0000,-0.0000,-0.0000,-0.0000
-00293,000329,003985,-00003,-00001,-00001,0.0000,-0.0000,-0.0000,-0.0000
-00279,000316,003985,-00001,000000,-00001,0.0000,-0.0000,-0.0000,-0.0000
-00272,000309,004016,-00003,-00002,000002,0.0000,-0.0000,-0.0000,-0.0000
-00261,000321,003988,000000,000000,000002,0.0000,-0.0000,-0.0000,-0.0000
-00278,000319,004028,-00001,-00002,-00001,0.0000,-0.0000,-0.0000,-0.0000
-00260,000313,003994,000001,000000,-00003,0.0000,-0.0000,-0.0000,-0.0000
-00266,000322,003995,-00001,-00002,000001,0.0000,-0.0000,-0.0000,-0.0000
-00258,000312,003982,-00003,000004,-00003,0.0000,-0.0000,-0.0000,-0.0000
-00275,000328,003984,-00001,-00001,-00001,0.0000,-0.0000,-0.0000,-0.0000
-00268,000323,003988,-00003,000002,000000,0.0000,-0.0000,-0.0000,-0.0000
-00285,000304,003994,000000,-00001,000001,0.0000,-0.0000,-0.0000,-0.0000
-00290,000319,003998,-00001,000001,000001,0.0000,-0.0000,-0.0000,-0.0000
-00278,000333,004001,000000,000000,-00002,0.0000,-0.0000,-0.0000,-0.0000
-00285,000316,003978,000001,-00004,000001,0.0000,-0.0000,-0.0000,-0.0000
-00237,000311,003894,-00005,000025,-00005,0.0000,-0.0000,-0.0000,-0.0000
-00285,000297,004010,-00018,000031,-00005,0.0000,-0.0000,-0.0000,-0.0000
-00236,000311,004014,-00012,000022,000000,0.0000,-0.0000,-0.0000,-0.0000
-00258,000315,004076,-00015,000004,000001,0.0000,-0.0000,-0.0000,-0.0000
-00264,000304,004016,000000,-00003,-00005,0.0000,-0.0000,-0.0000,-0.0000
-00274,000337,003966,000005,-00003,000005,0.0000,-0.0000,-0.0000,-0.0000
-00258,000316,003978,-00002,000003,000006,0.0000,-0.0000,-0.0000,-0.0000
-00286,000303,004032,-00006,000001,-00003,0.0000,-0.0000,-0.0000,-0.0000
-00276,000320,004001,000003,-00001,000000,0.0000,-0.0000,-0.0000,-0.0000
-00270,000321,003982,000000,-00006,-00001,0.0000,-0.0000,-0.0000,-0.0000
-00268,000322,004006,000002,-00002,000000,0.0000,-0.0000,-0.0000,-0.0000
-00301,000308,004000,000002,-00003,000000,0.0000,-0.0000,-0.0000,-0.0000
-00267,000325,004006,000003,-00005,000001,0.0000,-0.0000,-0.0000,-0.0000
-00273,000321,003964,000002,000001,000003,0.0000,-0.0000,-0.0000,-0.0000
-00307,000315,003997,-00001,000005,000000,0.0000,-0.0000,-0.0000,-0.0000
-00278,000329,003974,-00003,000005,000000,0.0000,-0.0000,-0.0000,-0.0000
-00268,000329,003956,-00001,000003,-00001,0.0000,-0.0000,-0.0000,-0.0000
-00274,000321,003985,-00002,000002,-00002,0.0000,-0.0000,-0.0000,-0.0000
-00286,000312,003977,-00001,000000,-00002,0.0000,-0.0000,-0.0000,-0.0000
-00288,000323,003984,-00002,000000,000003,0.0000,-0.0000,-0.0000,-0.0000
-00281,000316,004030,000001,000000,000000,0.0000,-0.0000,-0.0000,-0.0000
-00267,000311,003992,-00003,-00002,000000,0.0000,-0.0000,-0.0000,-0.0000
-00268,000315,003990,-00001,000001,000000,0.0000,-0.0000,-0.0000,-0.0000
-00271,000322,003996,000000,000003,000000,0.0000,-0.0000,-0.0000,-0.0000
-00285,000320,003980,-00001,000002,-00001,0.0000,-0.0000,-0.0000,-0.0000
-00278,000299,004014,000002,000001,000001,0.0000,-0.0000,-0.0000,-0.0000
-00277,000326,003992,-00001,-00002,-00001,0.0000,-0.0000,-0.0000,-0.0000
-00266,000316,004000,-00002,000000,000000,0.0000,-0.0000,-0.0000,-0.0000
-00274,000323,003995,-00002,-00001,000000,0.0000,-0.0000,-0.0000,-0.0000
-00258,000340,003979,-00002,-00001,-00003,0.0000,-0.0000,-0.0000,-0.0000
-00274,000324,003995,-00004,000006,-00008,0.0000,-0.0000,-0.0000,-0.0000
-00289,000327,003986,000000,000003,-00014,0.0000,-0.0000,-0.0000,-0.0000
-00281,000336,003987,000004,-00002,000000,0.0000,-0.0000,-0.0000,-0.0000
-00274,000298,003999,-00001,-00003,000001,0.0000,-0.0000,-0.0000,-0.0000
-00268,000330,004007,000001,-00006,000003,0.0000,-0.0000,-0.0000,-0.0000
-00265,000315,003990,000003,-00005,-00001,0.0000,-0.0000,-0.0000,-0.0000
-00277,000317,003997,000002,-00008,000000,0.0000,-0.0000,-0.0000,-0.0000
-00281,000336,003988,000001,-00005,000001,0.0000,-0.0000,-0.0000,-0.0000
-00296,000320,003995,-00001,-00003,000001,0.0000,-0.0000,-0.0000,-0.0000
-00276,000318,003987,000001,-00001,-00002,0.0000,-0.0000,-0.0000,-0.0000
-00290,000322,003982,000001,-00002,000000,0.0000,-0.0000,-0.0000,-0.0000
-00276,000310,003949,000001,-00003,-00001,0.0000,-0.0000,-0.0000,-0.0000
-00309,000355,003998,000002,-00005,-00023,0.0000,-0.0000,-0.0000,-0.0000
-00292,000263,004014,000005,-00005,-00014,0.0000,-0.0000,-0.0000,-0.0000
-00289,000302,003984,000003,000002,000030,0.0000,-0.0000,-0.0000,-0.0000
-00275,000301,004008,-00007,000008,000032,0.0000,-0.0000,-0.0000,-0.0000
000049,000254,004017,000013,-00006,000034,0.0000,-0.0000,-0.0000,-0.0000
-00228,000291,003952,000019,000007,-00022,0.0000,-0.0000,-0.0000,-0.0000
-00374,000350,004003,-00010,000026,000006,0.0000,-0.0000,-0.0000,-0.0000
-00395,000369,003986,-00005,000017,000061,0.0000,-0.0000,-0.0000,-0.0000
-00261,000335,004017,000003,000016,000041,0.0000,-0.0000,-0.0000,-0.0000
-00309,000337,003951,000000,000015,000035,0.0000,-0.0000,-0.0000,-0.0000
-00316,000338,004012,-00002,000006,000015,0.0000,-0.0000,-0.0000,-0.0000
-00267,000317,003965,-00005,000003,-00001,0.0000,-0.0000,-0.0000,-0.0000
-00280,000325,004024,-00002,000005,-00009,0.0000,-0.0000,-0.0000,-0.0000
-00283,000337,003974,000000,000000,-00035,0.0000,-0.0000,-0.0000,-0.0000
-00278,000309,003985,-00006,-00001,-00029,0.0000,-0.0000,-0.0000,-0.0000
-00239,000319,004012,-00012,-00002,-00026,0.0000,-0.0000,-0.0000,-0.0000
-00250,000320,003974,000004,000005,-00048,0.0000,-0.0000,-0.0000,-0.0000
-00266,000325,003991,000003,-00005,-00056,0.0000,-0.0000,-0.0000,-0.0000
-00329,000301,003992,000001,-00001,-00067,0.0000,-0.0000,-0.0000,-0.0000
-00319,000342,004004,-00005,-00007,-00021,0.0000,-0.0000,-0.0000,-0.0000
-00306,000337,003994,-00019,-00010,000038,0.0000,-0.0000,-0.0000,-0.0000
-00125,000344,003993,000026,000013,000140,0.0000,-0.0000,-0.0000,-0.0000
-00217,000437,004292,-00225,000099,000126,0.0000,-0.0000,-0.0000,-0.0000
-00288,000075,003988,-00027,000005,000081,0.0000,-0.0000,-0.0000,-0.0000
-00318,000310,004019,-00008,000025,000051,0.0000,-0.0000,-0.0000,-0.0000
-00241,000350,003992,-00028,000036,000061,0.0000,-0.0000,-0.0000,-0.0000
-00305,000387,003987,-00052,000050,000026,0.0000,-0.0000,-0.0000,-0.0000
-00237,000477,003945,-00081,000066,000025,0.0000,-0.0000,-0.0000,-0.0000
-00260,000429,004122,-00121,000073,000038,0.0000,-0.0000,-0.0000,-0.0000
-00336,000334,004114,-00108,000051,000035,0.0000,-0.0000,-0.0000,-0.0000
-00337,000350,004081,-00125,000043,-00003,0.0000,-0.0000,-0.0000,-0.0000
-00324,000414,004121,-00159,000042,-00016,0.0000,-0.0000,-0.0000,-0.0000
-00327,000312,004080,-00244,000055,-00025,0.0000,-0.0000,-0.0000,-0.0000
-00419,000272,004292,-00304,000103,000002,0.0000,-0.0000,-0.0000,-0.0000
-00372,000184,004215,-00315,000123,-00028,0.0000,-0.0000,-0.0000,-0.0000
-00420,000185,004180,-00397,000070,-00109,0.0000,-0.0000,-0.0000,-0.0000
-00338,000163,004086,-00477,000009,-00121,0.0000,-0.0000,-0.0000,-0.0000
-00409,000227,004146,-00547,-00018,-00110,0.0000,-0.0000,-0.0000,-0.0000
-00314,000272,004074,-00559,-00047,-00084,0.0000,-0.0000,-0.0000,-0.0000
-00241,000234,004057,-00604,-00031,-00093,0.0000,-0.0000,-0.0000,-0.0000
-00199,000218,003977,-00617,000005,-00077,0.0000,-0.0000,-0.0000,-0.0000
-00272,000037,004081,-00615,000061,-00092,0.0000,-0.0000,-0.0000,-0.0000
-00345,-00038,004073,-00601,000099,-00050,0.0000,-0.0000,-0.0000,-0.0000
-00288,-00160,004043,-00677,000081,000042,0.0000,-0.0000,-0.0000,-0.0000
-00228,-00284,004186,-00793,000034,000042,0.0000,-0.0000,-0.0000,-0.0000
-00338,-00258,004263,-00826,-00013,-00009,0.0000,-0.0000,-0.0000,-0.0000
-00385,-00048,004255,-00874,-00049,-00058,0.0000,-0.0000,-0.0000,-0.0000
-00421,000026,004133,-00897,000052,-00114,0.0000,-0.0000,-0.0000,-0.0000
-00561,-00152,004112,-00991,000141,-00078,0.0000,-0.0000,-0.0000,-0.0000
-00488,-00328,004156,-01097,000162,-00050,0.0000,-0.0000,-0.0000,-0.0000
-00282,-00439,004083,-01135,000086,000015,0.0000,-0.0000,-0.0000,-0.0000
-00292,-00474,004141,-01213,000026,-00031,0.0000,-0.0000,-0.0000,-0.0000
-00582,-00341,004198,-01277,000038,-00069,0.0000,-0.0000,-0.0000,-0.0000
-00653,-00403,004316,-01306,000067,-00079,0.0000,-0.0000,-0.0000,-0.0000
-00593,-00511,004113,-01461,000010,-00158,0.0000,-0.0000,-0.0000,-0.0000
-00270,-00821,004006,-01628,-00053,-00214,0.0000,-0.0000,-0.0000,-0.0000
-00190,-00909,003986,-01562,-00039,-00229,0.0000,-0.0000,-0.0000,-0.0000
-00375,-00912,004013,-01485,-00015,-00237,0.0000,-0.0000,-0.0000,-0.0000
-00493,-00855,003923,-01553,-00099,-00309,0.0000,-0.0000,-0.0000,-0.0000
-00400,-00680,003831,-01684,-00057,-00457,0.0000,-0.0000,-0.0000,-0.0000
-00379,-01286,003754,-01834,-00108,-00477,0.0000,-0.0000,-0.0000,-0.0000
-00176,-01639,003781,-01802,-00157,-00340,0.0000,-0.0000,-0.0000,-0.0000
-00205,-01258,003729,-01749,-00157,-00319,0.0000,-0.0000,-0.0000,-0.0000
-00191,-01307,003827,-01665,-00098,-00311,0.0000,-0.0000,-0.0000,-0.0000
-00203,-01360,003750,-01540,-00047,-00307,0.0000,-0.0000,-0.0000,-0.0000
-00023,-01888,003559,-01705,000047,-00198,0.0000,-0.0000,-0.0000,-0.0000
-00124,-01655,003348,-01637,000023,-00224,0.0000,-0.0000,-0.0000,-0.0000
-00195,-01666,003444,-01627,-00014,-00336,0.0000,-0.0000,-0.0000,-0.0000
-00263,-01823,003339,-01668,-00158,-00328,0.0000,-0.0000,-0.0000,-0.0000
-00248,-01974,003375,-01688,-00074,-00246,0.0000,-0.0000,-0.0000,-0.0000
-00236,-02018,003394,-01723,-00025,-00178,0.0000,-0.0000,-0.0000,-0.0000
-00113,-02151,003202,-01789,000074,-00145,0.0000,-0.0000,-0.0000,-0.0000
-00192,-02113,003226,-01759,000096,-00162,0.0000,-0.0000,-0.0000,-0.0000
-00228,-02282,003169,-01694,000090,-00191,0.0000,-0.0000,-0.0000,-0.0000
-00142,-02431,003119,-01827,-00056,-00145,0.0000,-0.0000,-0.0000,-0.0000
-00215,-02392,002913,-01904,-00078,-00136,0.0000,-0.0000,-0.0000,-0.0000
-00416,-02391,003001,-01790,000015,-00091,0.0000,-0.0000,-0.0000,-0.0000
-00513,-02516,003068,-01701,000151,-00128,0.0000,-0.0000,-0.0000,-0.0000
-00445,-02619,002963,-01725,000262,-00128,0.0000,-0.0000,-0.0000,-0.0000
-00049,-02692,002774,-01753,000312,-00096,0.0000,-0.0000,-0.0000,-0.0000
000001,-02784,002675,-01676,000341,-00139,0.0000,-0.0000,-0.0000,-0.0000
-00065,-02824,002600,-01696,000195,-00136,0.0000,-0.0000,-0.0000,-0.0000
-00154,-02893,002339,-01873,-00112,-00132,0.0000,-0.0000,-0.0000,-0.0000
-00131,-03003,002448,-01888,-00149,-00102,0.0000,-0.0000,-0.0000,-0.0000
-00169,-03058,002216,-01724,-00141,-00041,0.0000,-0.0000,-0.0000,-0.0000
-00132,-03119,002262,-01703,000033,000021,0.0000,-0.0000,-0.0000,-0.0000
-00224,-03151,002230,-01705,000113,-00064,0.0000,-0.0000,-0.0000,-0.0000
-00034,-03262,002021,-01800,000126,-00133,0.0000,-0.0000,-0.0000,-0.0000
000074,-03338,002081,-01699,000198,-00126,0.0000,-0.0000,-0.0000,-0.0000
000001,-03429,001881,-01569,000315,-00033,0.0000,-0.0000,-0.0000,-0.0000
-00120,-03400,001946,-01486,000317,000026,0.0000,-0.0000,-0.0000,-0.0000
-00241,-03453,001909,-01419,000373,000004,0.0000,-0.0000,-0.0000,-0.0000
-00364,-03475,001808,-01368,000420,-00015,0.0000,-0.0000,-0.0000,-0.0000
-00342,-03550,001817,-01335,000370,000037,0.0000,-0.0000,-0.0000,-0.0000
-00087,-03632,001548,-01302,000187,000105,0.0000,-0.0000,-0.0000,-0.0000
-00211,-03510,001491,-01206,000202,000028,0.0000,-0.0000,-0.0000,-0.0000
-00306,-03630,001545,-01386,000091,-00077,0.0000,-0.0000,-0.0000,-0.0000
-00284,-03449,001732,-01388,-00138,-00136,0.0000,-0.0000,-0.0000,-0.0000
-00252,-03677,001310,-01301,-00132,-00195,0.0000,-0.0000,-0.0000,-0.0000
-00446,-03744,001345,-01229,000026,-00092,0.0000,-0.0000,-0.0000,-0.0000
-00335,-03723,001283,-01134,000122,-00053,0.0000,-0.0000,-0.0000,-0.0000
-00145,-03759,001230,-01147,000195,-00012,0.0000,-0.0000,-0.0000,-0.0000
-00096,-03762,000977,-01095,000249,-00015,0.0000,-0.0000,-0.0000,-0.0000
-00183,-03770,000946,-01043,000271,-00071,0.0000,-0.0000,-0.0000,-0.0000
-00343,-03734,000783,-01026,000228,-00082,0.0000,-0.0000,-0.0000,-0.0000
-00176,-03836,000803,-01115,000254,-00032,0.0000,-0.0000,-0.0000,-0.0000
-00211,-03772,000881,-01082,000159,-00018,0.0000,-0.0000,-0.0000,-0.0000
-00265,-03782,000805,-01073,000113,-00032,0.0000,-0.0000,-0.0000,-0.0000
-00259,-03898,000727,-01133,000100,000014,0.0000,-0.0000,-0.0000,-0.0000
-00197,-03820,000620,-01086,000066,000003,0.0000,-0.0000,-0.0000,-0.0000
-00253,-03863,000550,-01082,000158,-00006,0.0000,-0.0000,-0.0000,-0.0000
-00231,-03999,000478,-01039,000175,000043,0.0000,-0.0000,-0.0000,-0.0000
-00252,-04027,000453,-00885,000226,-00008,0.0000,-0.0000,-0.0000,-0.0000
-00282,-03919,000456,-00812,000026,-00038,0.0000,-0.0000,-0.0000,-0.0000
-00138,-03916,000301,-00859,-00101,-00055,0.0000,-0.0000,-0.0000,-0.0000
-00150,-04188,-00007,-00946,-00060,-00003,0.0000,-0.0000,-0.0000,-0.0000
-00212,-03941,000376,-01026,000026,000116,0.0000,-0.0000,-0.0000,-0.0000
-00315,-04190,000092,-00953,-00067,000084,0.0000,-0.0000,-0.0000,-0.0000
-00349,-04106,000200,-00949,-00063,000113,0.0000,-0.0000,-0.0000,-0.0000
-00322,-04195,000067,-01003,-00113,000173,0.0000,-0.0000,-0.0000,-0.0000
-00108,-04121,-00138,-00928,-00099,000127,0.0000,-0.0000,-0.0000,-0.0000
-00247,-03957,-00003,-00884,000049,000040,0.0000,-0.0000,-0.0000,-0.0000
-00269,-03816,-00002,-00822,000022,-00024,0.0000,-0.0000,-0.0000,-0.0000
-00320,-03820,-00052,-00766,000011,-00021,0.0000,-0.0000,-0.0000,-0.0000
-00147,-03871,-00118,-00697,-00037,000016,0.0000,-0.0000,-0.0000,-0.0000
-00195,-03903,-00179,-00640,-00125,-00002,0.0000,-0.0000,-0.0000,-0.0000
-00335,-03884,-00202,-00578,-00093,-00016,0.0000,-0.0000,-0.0000,-0.0000
-00366,-04013,-00218,-00509,-00115,-00006,0.0000,-0.0000,-0.0000,-0.0000
-00202,-03851,-00429,-00617,-00148,000045,0.0000,-0.0000,-0.0000,-0.0000
-00167,-03792,-00088,-00581,000012,000041,0.0000,-0.0000,-0.0000,-0.0000
-00177,-03845,-00276,-00366,000034,-00026,0.0000,-0.0000,-0.0000,-0.0000
-00173,-03885,-00399,-00280,000153,-00040,0.0000,-0.0000,-0.0000,-0.0000
-00184,-04013,-00328,-00247,000086,-00053,0.0000,-0.0000,-0.0000,-0.0000
-00295,-03922,-00340,-00245,000134,-00076,0.0000,-0.0000,-0.0000,-0.0000
-00392,-04158,-00311,-00193,000202,-00072,0.0000,-0.0000,-0.0000,-0.0000
-00390,-04127,-00341,-00044,000233,-00152,0.0000,-0.0000,-0.0000,-0.0000
-00335,-04092,-00341,000059,000259,-00169,0.0000,-0.0000,-0.0000,-0.0000
-00350,-04175,-00380,000208,000228,-00204,0.0000,-0.0000,-0.0000,-0.0000
-00415,-04230,-00278,000395,000136,-00273,0.0000,-0.0000,-0.0000,-0.0000
-00198,-03987,-00285,000461,-00055,-00217,0.0000,-0.0000,-0.0000,-0.0000
-00140,-03953,-00386,000449,-00075,-00185,0.0000,-0.0000,-0.0000,-0.0000
-00219,-04075,-00357,000522,-00087,-00193,0.0000,-0.0000,-0.0000,-0.0000
-00331,-04072,-00257,000910,-00248,-00432,0.0000,-0.0000,-0.0000,-0.0000
-00171,-03781,-00227,000858,-00265,-00266,0.0000,-0.0000,-0.0000,-0.0000
000049,-03951,-00220,000786,-00301,-00165,0.0000,-0.0000,-0.0000,-0.0000
000017,-03826,-00311,000811,-00269,-00226,0.0000,-0.0000,-0.0000,-0.0000
000102,-03795,-00128,000685,-00157,-00216,0.0000,-0.0000,-0.0000,-0.0000
000121,-04181,-00168,000918,-00242,-00252,0.0000,-0.0000,-0.0000,-0.0000
000166,-04203,-00061,001173,-00440,-00280,0.0000,-0.0000,-0.0000,-0.0000
000215,-04125,-00216,000969,-00362,-00294,0.0000,-0.0000,-0.0000,-0.0000
-00018,-04055,000250,000810,-00250,-00373,0.0000,-0.0000,-0.0000,-0.0000
000025,-03929,000340,000985,-00231,-00414,0.0000,-0.0000,-0.0000,-0.0000
000010,-03889,000338,001043,-00087,-00442,0.0000,-0.0000,-0.0000,-0.0000
000149,-03929,000323,001102,-00069,-00442,0.0000,-0.0000,-0.0000,-0.0000
000234,-04284,000386,001297,-00070,-00603,0.0000,-0.0000,-0.0000,-0.0000
000301,-04462,000386,001350,-00092,-00740,0.0000,-0.0000,-0.0000,-0.0000
000289,-04246,000375,001197,-00034,-00701,0.0000,-0.0000,-0.0000,-0.0000
000191,-03918,000802,001204,000073,-00837,0.0000,-0.0000,-0.0000,-0.0000
000210,-03733,000884,001430,000106,-00854,0.0000,-0.0000,-0.0000,-0.0000
000226,-03804,000912,001819,000132,-00864,0.0000,-0.0000,-0.0000,-0.0000
000421,-03699,000895,002043,000204,-00935,0.0000,-0.0000,-0.0000,-0.0000
000547,-03651,001287,002088,000140,-00902,0.0000,-0.0000,-0.0000,-0.0000
000458,-03686,000588,001882,-00084,-00600,0.0000,-0.0000,-0.0000,-0.0000
000553,-03593,000916,001480,-00026,-00437,0.0000,-0.0000,-0.0000,-0.0000
000412,-03580,001194,001304,-00032,-00512,0.0000,-0.0000,-0.0000,-0.0000
000379,-03491,001266,001300,-00070,-00423,0.0000,-0.0000,-0.0000,-0.0000
000431,-03435,001474,001486,-00056,-00403,0.0000,-0.0000,-0.0000,-0.0000
000235,-03280,001496,001725,000051,-00395,0.0000,-0.0000,-0.0000,-0.0000
000783,-03332,001853,001847,000303,-00323,0.0000,-0.0000,-0.0000,-0.0000
000682,-03727,001557,002032,000313,-00249,0.0000,-0.0000,-0.0000,-0.0000
001059,-03743,001721,002109,000482,-00318,0.0000,-0.0000,-0.0000,-0.0000
000791,-03632,001823,002137,000523,-00505,0.0000,-0.0000,-0.0000,-0.0000
000562,-03522,001938,002056,000419,-00711,0.0000,-0.0000,-0.0000,-0.0000
000009,-03485,001840,001798,000225,-00618,0.0000,-0.0000,-0.0000,-0.0000
000282,-03297,001662,001180,-00012,-00433,0.0000,-0.0000,-0.0000,-0.0000
000235,-03059,001953,000723,000024,-00365,0.0000,-0.0000,-0.0000,-0.0000
000181,-02890,002287,000664,000094,-00391,0.0000,-0.0000,-0.0000,-0.0000
000342,-03051,002341,000827,000150,-00327,0.0000,-0.0000,-0.0000,-0.0000
000902,-03352,002410,001091,000046,-00060,0.0000,-0.0000,-0.0000,-0.0000
001012,-03284,002307,001257,000097,-00152,0.0000,-0.0000,-0.0000,-0.0000
000672,-03004,002260,001291,000060,-00330,0.0000,-0.0000,-0.0000,-0.0000
000639,-02977,002217,001183,000102,-00290,0.0000,-0.0000,-0.0000,-0.0000
000621,-02925,002371,001170,000145,-00223,0.0000,-0.0000,-0.0000,-0.0000
000643,-02850,002651,001354,000226,-00313,0.0000,-0.0000,-0.0000,-0.0000
000615,-02802,002550,001433,000160,-00444,0.0000,-0.0000,-0.0000,-0.0000
000481,-02793,002456,001328,000220,-00385,0.0000,-0.0000,-0.0000,-0.0000
000581,-02600,002706,001193,000362,-00383,0.0000,-0.0000,-0.0000,-0.0000
000655,-02644,002941,001389,000516,-00469,0.0000,-0.0000,-0.0000,-0.0000
000981,-02677,002956,001697,000413,-00297,0.0000,-0.0000,-0.0000,-0.0000
000965,-02298,002908,002024,000386,-00248,0.0000,-0.0000,-0.0000,-0.0000
000831,-02180,002629,002262,000511,-00186,0.0000,-0.0000,-0.0000,-0.0000
000642,-02323,002879,002299,000533,-00045,0.0000,-0.0000,-0.0000,-0.0000
000588,-02323,002833,002121,000366,-00018,0.0000,-0.0000,-0.0000,-0.0000
000348,-02274,003156,001687,000268,-00212,0.0000,-0.0000,-0.0000,-0.0000
000031,-02256,003209,001391,000197,-00174,0.0000,-0.0000,-0.0000,-0.0000
000094,-01956,003270,001178,000292,-00064,0.0000,-0.0000,-0.0000,-0.0000
000294,-01843,003252,001020,000314,000049,0.0000,-0.0000,-0.0000,-0.0000
000803,-01700,003269,000952,000343,000116,0.0000,-0.0000,-0.0000,-0.0000
000967,-01721,003369,001005,000313,000145,0.0000,-0.0000,-0.0000,-0.0000
001012,-01865,003314,001101,000270,000139,0.0000,-0.0000,-0.0000,-0.0000
000691,-01994,003545,001096,000140,000178,0.0000,-0.0000,-0.0000,-0.0000
000568,-01824,003621,001032,000003,-00022,0.0000,-0.0000,-0.0000,-0.0000
000388,-01690,003577,000982,-00060,-00206,0.0000,-0.0000,-0.0000,-0.0000
000165,-01623,003481,000852,-00071,-00257,0.0000,-0.0000,-0.0000,-0.0000
000187,-01435,003533,000757,000056,-00180,0.0000,-0.0000,-0.0000,-0.0000
000026,-01276,003511,000794,000227,-00049,0.0000,-0.0000,-0.0000,-0.0000
000119,-01403,003573,000870,000419,000215,0.0000,-0.0000,-0.0000,-0.0000
000369,-01435,003649,000922,000521,000435,0.0000,-0.0000,-0.0000,-0.0000
000635,-01502,003621,000968,000438,000377,0.0000,-0.0000,-0.0000,-0.0000
000606,-01523,003644,000909,000269,000136,0.0000,-0.0000,-0.0000,-0.0000
000542,-01475,003746,000885,000139,-00154,0.0000,-0.0000,-0.0000,-0.0000
000401,-01340,003757,000932,000117,-00341,0.0000,-0.0000,-0.0000,-0.0000
000303,-01163,003799,001073,000186,-00446,0.0000,-0.0000,-0.0000,-0.0000
000350,-01357,003710,001238,000277,-00389,0.0000,-0.0000,-0.0000,-0.0000
000267,-01273,003637,001326,000359,-00266,0.0000,-0.0000,-0.0000,-0.0000
000315,-01180,003491,001250,000381,-00114,0.0000,-0.0000,-0.0000,-0.0000
000284,-01064,003528,001213,000523,-00009,0.0000,-0.0000,-0.0000,-0.0000
000360,-01185,003645,001145,000489,000075,0.0000,-0.0000,-0.0000,-0.0000
000656,-01154,003831,001062,000390,-00033,0.0000,-0.0000,-0.0000,-0.0000
000580,-01202,003916,001052,000288,-00197,0.0000,-0.0000,-0.0000,-0.0000
000443,-01197,003903,000954,000218,-00240,0.0000,-0.0000,-0.0000,-0.0000
000191,-01012,003915,000873,000188,-00355,0.0000,-0.0000,-0.0000,-0.0000
000257,-00962,003935,000838,000170,-00403,0.0000,-0.0000,-0.0000,-0.0000
000529,-00988,003879,000817,000129,-00349,0.0000,-0.0000,-0.0000,-0.0000
000539,-00835,003779,000787,000098,-00265,0.0000,-0.0000,-0.0000,-0.0000
000372,-00631,003712,000767,000064,-00138,0.0000,-0.0000,-0.0000,-0.0000
000460,-00684,003748,000708,000126,000033,0.0000,-0.0000,-0.0000,-0.0000
000502,-00582,003858,000660,000187,000165,0.0000,-0.0000,-0.0000,-0.0000
000439,-00659,003947,000667,000201,000228,0.0000,-0.0000,-0.0000,-0.0000
000288,-00741,004096,000584,000191,000300,0.0000,-0.0000,-0.0000,-0.0000
000217,-00751,004179,000482,000161,000330,0.0000,-0.0000,-0.0000,-0.0000
000318,-00497,004170,000405,000165,000297,0.0000,-0.0000,-0.0000,-0.0000
000278,-00439,004146,000378,000169,000239,0.0000,-0.0000,-0.0000,-0.0000
000216,-00395,004187,000380,000171,000260,0.0000,-0.0000,-0.0000,-0.0000
000114,-00330,004241,000429,000219,000333,0.0000,-0.0000,-0.0000,-0.0000
-00026,-00273,004187,000474,000394,000412,0.0000,-0.0000,-0.0000,-0.0000
-00058,-00384,004276,000461,000508,000482,0.0000,-0.0000,-0.0000,-0.0000
000219,-00313,004290,000447,000478,000488,0.0000,-0.0000,-0.0000,-0.0000
000402,-00180,004150,000390,000375,000453,0.0000,-0.0000,-0.0000,-0.0000
000317,-00083,004183,000333,000308,000338,0.0000,-0.0000,-0.0000,-0.0000
000117,-00070,004225,000307,000280,000244,0.0000,-0.0000,-0.0000,-0.0000
000116,-00261,004192,000251,000263,000188,0.0000,-0.0000,-0.0000,-0.0000
000251,-00282,004255,000088,000188,000172,0.0000,-0.0000,-0.0000,-0.0000
000015,000948,003477,-00072,000143,000037,0.0000,-0.0000,-0.0000,-0.0000
-00263,000121,004109,000317,000150,000169,0.0000,-0.0000,-0.0000,-0.0000
-00179,000110,003977,000271,000306,000156,0.0000,-0.0000,-0.0000,-0.0000
-00128,000104,004026,000358,000421,000221,0.0000,-0.0000,-0.0000,-0.0000
-00021,-00018,003931,000406,000619,000260,0.0000,-0.0000,-0.0000,-0.0000
000133,-00130,004109,000363,000663,000324,0.0000,-0.0000,-0.0000,-0.0000
000253,-00060,004169,000317,000488,000293,0.0000,-0.0000,-0.0000,-0.0000
000083,-00190,004238,000218,000349,000199,0.0000,-0.0000,-0.0000,-0.0000
-00160,-00194,004343,000062,000123,000055,0.0000,-0.0000,-0.0000,-0.0000
-00315,-00041,004219,000039,000026,000001,0.0000,-0.0000,-0.0000,-0.0000
-00364,000008,004138,000021,000101,-00053,0.0000,-0.0000,-0.0000,-0.0000
-00216,000086,004028,000135,000205,-00090,0.0000,-0.0000,-0.0000,-0.0000
-00146,000106,003797,000254,000281,-00056,0.0000,-0.0000,-0.0000,-0.0000
-00117,-00032,003883,000307,000333,000029,0.0000,-0.0000,-0.0000,-0.0000
-00155,-00221,003935,000350,000330,000015,0.0000,-0.0000,-0.0000,-0.0000
-00312,-00055,004037,000279,000282,000017,0.0000,-0.0000,-0.0000,-0.0000
-00352,-00110,003962,000236,000234,000179,0.0000,-0.0000,-0.0000,-0.0000
-00170,-00090,003926,000203,000220,000205,0.0000,-0.0000,-0.0000,-0.0000
-00244,000060,003954,000220,000207,000193,0.0000,-0.0000,-0.0000,-0.0000
-00382,-00073,003946,000253,000244,000251,0.0000,-0.0000,-0.0000,-0.0000
-00208,-00087,004134,000340,000234,000250,0.0000,-0.0000,-0.0000,-0.0000
-00089,-00051,004003,000278,000196,000191,0.0000,-0.0000,-0.0000,-0.0000
-00151,-00071,004174,000271,000151,000185,0.0000,-0.0000,-0.0000,-0.0000
-00295,000034,004037,000380,000144,000100,0.0000,-0.0000,-0.0000,-0.0000
-00397,000062,003924,000393,000192,000107,0.0000,-0.0000,-0.0000,-0.0000
-00351,000115,003995,000364,000263,000146,0.0000,-0.0000,-0.0000,-0.0000
-00194,000057,003889,000309,000216,000215,0.0000,-0.0000,-0.0000,-0.0000
-00295,000055,004012,000207,000126,000240,0.0000,-0.0000,-0.0000,-0.0000
-00520,000132,004001,000128,000013,000157,0.0000,-0.0000,-0.0000,-0.0000
-00574,000229,004061,000076,000006,000116,0.0000,-0.0000,-0.0000,-0.0000
-00559,000332,003984,000084,000065,000115,0.0000,-0.0000,-0.0000,-0.0000
-00480,000283,003953,000098,000061,000109,0.0000,-0.0000,-0.0000,-0.0000
-00408,000331,003859,000069,000050,000102,0.0000,-0.0000,-0.0000,-0.0000
-00515,000285,003864,000063,000048,000083,0.0000,-0.0000,-0.0000,-0.0000
-00413,000323,003818,000058,000024,000088,0.0000,-0.0000,-0.0000,-0.0000
-00233,000221,003977,000060,-00028,000095,0.0000,-0.0000,-0.0000,-0.0000
-00193,000172,004065,000059,-00112,000092,0.0000,-0.0000,-0.0000,-0.0000
-00305,000156,004056,-00001,-00182,000054,0.0000,-0.0000,-0.0000,-0.0000
-00487,000303,004121,000008,-00146,-00003,0.0000,-0.0000,-0.0000,-0.0000
-00562,000280,004060,000040,-00078,-00012,0.0000,-0.0000,-0.0000,-0.0000
-00421,000209,004074,000057,-00014,000025,0.0000,-0.0000,-0.0000,-0.0000
-00362,000218,004023,000049,-00012,000003,0.0000,-0.0000,-0.0000,-0.0000
-00355,000171,003984,000028,-00057,-00012,0.0000,-0.0000,-0.0000,-0.0000
-00367,000152,004004,000001,-00042,-00002,0.0000,-0.0000,-0.0000,-0.0000
-00311,000206,003925,-00003,-00052,-00002,0.0000,-0.0000,-0.0000,-0.0000
-00187,000254,003966,000017,-00064,000004,0.0000,-0.0000,-0.0000,-0.0000
-00256,000231,003942,000064,-00099,000012,0.0000,-0.0000,-0.0000,-0.0000
-00373,000234,003973,000092,-00098,000012,0.0000,-0.0000,-0.0000,-0.0000
-00403,000230,004044,000128,-00074,000018,0.0000,-0.0000,-0.0000,-0.0000
-00382,000183,004054,000127,-00015,000058,0.0000,-0.0000,-0.0000,-0.0000
-00315,000263,004051,000114,000052,000085,0.0000,-0.0000,-0.0000,-0.0000
-00359,000275,003977,000089,000072,000073,0.0000,-0.0000,-0.0000,-0.0000
-00260,000197,004101,000113,000038,000083,0.0000,-0.0000,-0.0000,-0.0000
-00372,000175,004126,000065,000043,000092,0.0000,-0.0000,-0.0000,-0.0000
-00380,000228,004076,-00012,000037,000058,0.0000,-0.0000,-0.0000,-0.0000
-00328,000202,004035,-00043,000040,000058,0.0000,-0.0000,-0.0000,-0.0000
-00330,000185,004017,-00101,000034,000048,0.0000,-0.0000,-0.0000,-0.0000
-00311,000298,003977,-00102,000006,000014,0.0000,-0.0000,-0.0000,-0.0000
-00400,000297,003959,-00048,000021,000007,0.0000,-0.0000,-0.0000,-0.0000
-00354,000265,003922,-00013,000050,000026,0.0000,-0.0000,-0.0000,-0.0000
-00256,000227,003974,000004,000021,000020,0.0000,-0.0000,-0.0000,-0.0000
-00287,000230,003965,000012,-00008,000008,0.0000,-0.0000,-0.0000,-0.0000
-00263,000268,003955,000028,-00011,000018,0.0000,-0.0000,-0.0000,-0.0000
-00373,000225,004026,000052,000019,000048,0.0000,-0.0000,-0.0000,-0.0000
-00457,000316,003943,-00035,000099,000103,0.0000,-0.0000,-0.0000,-0.0000
-00410,000119,004191,000001,000116,000108,0.0000,-0.0000,-0.0000,-0.0000
-00400,000189,004065,-00007,000062,000066,0.0000,-0.0000,-0.0000,-0.0000
-00406,000215,004025,-00055,000060,000023,0.0000,-0.0000,-0.0000,-0.0000
-00535,000259,003964,-00052,000035,-00009,0.0000,-0.0000,-0.0000,-0.0000
-00474,000234,003949,-00045,000067,000003,0.0000,-0.0000,-0.0000,-0.0000
-00349,000365,003988,-00023,000068,000010,0.0000,-0.0000,-0.0000,-0.0000
-00333,000222,003933,-00013,000044,-00045,0.0000,-0.0000,-0.0000,-0.0000
-00340,000167,003934,-00063,000014,-00064,0.0000,-0.0000,-0.0000,-0.0000
-00398,000231,003900,-00073,-00014,-00098,0.0000,-0.0000,-0.0000,-0.0000
-00486,000217,003904,-00042,-00001,-00097,0.0000,-0.0000,-0.0000,-0.0000
-00346,000205,003929,000005,000002,-00057,0.0000,-0.0000,-0.0000,-0.0000
-00311,000207,003965,000025,000069,-00009,0.0000,-0.0000,-0.0000,-0.0000
-00368,000193,003913,000055,000050,-00009,0.0000,-0.0000,-0.0000,-0.0000
-00319,000170,003947,000053,000048,000001,0.0000,-0.0000,-0.0000,-0.0000
-00295,000243,003953,000074,000063,000031,0.0000,-0.0000,-0.0000,-0.0000
-00332,000243,003962,000082,000035,000042,0.0000,-0.0000,-0.0000,-0.0000
-00410,000227,004027,000085,000014,000024,0.0000,-0.0000,-0.0000,-0.0000
-00375,000218,004013,000070,000011,000026,0.0000,-0.0000,-0.0000,-0.0000
-00392,000264,003966,000035,-00017,000026,0.0000,-0.0000,-0.0000,-0.0000
-00414,000298,003979,000048,-00011,000015,0.0000,-0.0000,-0.0000,-0.0000
-00365,000265,004020,000076,-00023,000006,0.0000,-0.0000,-0.0000,-0.0000
-00361,000241,004034,000073,-00023,000011,0.0000,-0.0000,-0.0000,-0.0000
-00411,000270,004046,000073,-00037,000007,0.0000,-0.0000,-0.0000,-0.0000
-00465,000250,004030,000050,-00036,000010,0.0000,-0.0000,-0.0000,-0.0000
-00431,000340,004099,000045,-00069,-00005,0.0000,-0.0000,-0.0000,-0.0000
-00455,000287,004124,000037,-00070,-00001,0.0000,-0.0000,-0.0000,-0.0000
-00204,000303,004155,-00003,-00133,-00008,0.0000,-0.0000,-0.0000,-0.0000
-00272,000295,004138,-00025,-00256,-00070,0.0000,-0.0000,-0.0000,-0.0000
-00392,000300,004127,-00016,-00403,-00086,0.0000,-0.0000,-0.0000,-0.0000
-00441,000414,004172,000011,-00491,-00043,0.0000,-0.0000,-0.0000,-0.0000
-00378,000183,004225,-00082,-00519,-00030,0.0000,-0.0000,-0.0000,-0.0000
-00255,000356,004150,-00148,-00554,000002,0.0000,-0.0000,-0.0000,-0.0000
-00101,-00163,004807,000138,-00836,-00104,0.0000,-0.0000,-0.0000,-0.0000
-00088,000261,004377,000600,-01585,-00342,0.0000,-0.0000,-0.0000,-0.0000
000182,000351,004310,000495,-02082,-00483,0.0000,-0.0000,-0.0000,-0.0000
000573,000462,004382,000433,-02330,-00501,0.0000,-0.0000,-0.0000,-0.0000
000618,000305,004222,000486,-02500,-00583,0.0000,-0.0000,-0.0000,-0.0000
000468,000024,004185,000255,-02288,-00408,0.0000,-0.0000,-0.0000,-0.0000
000162,000183,004159,000037,-01993,-00158,0.0000,-0.0000,-0.0000,-0.0000
000218,000503,004020,-00112,-01642,000024,0.0000,-0.0000,-0.0000,-0.0000
000007,000465,004077,-00296,-01454,000021,0.0000,-0.0000,-0.0000,-0.0000
000675,000152,004316,-00477,-01351,000174,0.0000,-0.0000,-0.0000,-0.0000
001300,000019,004270,-00513,-01730,000115,0.0000,-0.0000,-0.0000,-0.0000
001283,000313,004269,-00372,-02351,-00168,0.0000,-0.0000,-0.0000,-0.0000
000374,000295,004365,-00217,-03157,-00459,0.0000,-0.0000,-0.0000,-0.0000
000986,000420,004117,-00096,-03473,-00534,0.0000,-0.0000,-0.0000,-0.0000
001755,000339,003967,-00011,-03127,-00385,0.0000,-0.0000,-0.0000,-0.0000
001979,000657,003737,-00006,-02845,-00399,0.0000,-0.0000,-0.0000,-0.0000
001959,000274,003368,-00133,-02717,-00164,0.0000,-0.0000,-0.0000,-0.0000
001652,000049,003500,-00202,-02773,000061,0.0000,-0.0000,-0.0000,-0.0000
001230,000030,004000,-00229,-02413,000235,0.0000,-0.0000,-0.0000,-0.0000
001307,-00084,003954,-00381,-02032,000340,0.0000,-0.0000,-0.0000,-0.0000
001931,000104,003628,-00475,-02054,000349,0.0000,-0.0000,-0.0000,-0.0000
002343,000128,003190,-00447,-02383,000374,0.0000,-0.0000,-0.0000,-0.0000
003101,000460,002907,-00242,-03311,000256,0.0000,-0.0000,-0.0000,-0.0000
003313,000185,002666,000011,-04205,000060,0.0000,-0.0000,-0.0000,-0.0000
003326,000197,002354,000083,-04501,-00040,0.0000,-0.0000,-0.0000,-0.0000
002942,000154,001937,-00079,-04386,-00186,0.0000,-0.0000,-0.0000,-0.0000
002685,000412,001676,-00059,-04225,-00284,0.0000,-0.0000,-0.0000,-0.0000
002736,000251,001962,-00011,-03692,-00329,0.0000,-0.0000,-0.0000,-0.0000
002769,-00079,002352,-00063,-03061,-00237,0.0000,-0.0000,-0.0000,-0.0000
003183,000092,002357,-00298,-02941,-00196,0.0000,-0.0000,-0.0000,-0.0000
003229,000143,001990,-00454,-03199,-00230,0.0000,-0.0000,-0.0000,-0.0000
003278,000284,001493,-00497,-03470,-00231,0.0000,-0.0000,-0.0000,-0.0000
003198,000418,001402,-00349,-03955,-00357,0.0000,-0.0000,-0.0000,-0.0000
003330,000292,001209,-00046,-04422,-00414,0.0000,-0.0000,-0.0000,-0.0000
003426,000311,001032,000223,-04044,-00597,0.0000,-0.0000,-0.0000,-0.0000
003663,000378,001116,000621,-03289,-00571,0.0000,-0.0000,-0.0000,-0.0000
003906,000330,001005,000877,-03172,-00540,0.0000,-0.0000,-0.0000,-0.0000
004090,000314,000670,000926,-03190,-00650,0.0000,-0.0000,-0.0000,-0.0000
004197,000341,000261,000895,-03069,-00564,0.0000,-0.0000,-0.0000,-0.0000
004080,000428,000232,000816,-02931,-00453,0.0000,-0.0000,-0.0000,-0.0000
003732,000229,000161,000705,-02831,-00360,0.0000,-0.0000,-0.0000,-0.0000
003915,000614,000201,000560,-03270,-00340,0.0000,-0.0000,-0.0000,-0.0000
003831,000450,-00278,000631,-03123,-00253,0.0000,-0.0000,-0.0000,-0.0000
003766,000501,-00270,000754,-02836,-00277,0.0000,-0.0000,-0.0000,-0.0000
003896,000340,000129,000836,-02462,-00395,0.0000,-0.0000,-0.0000,-0.0000
003916,000409,-00076,000623,-02313,-00208,0.0000,-0.0000,-0.0000,-0.0000
004164,000475,-00729,000145,-02573,-00079,0.0000,-0.0000,-0.0000,-0.0000
004114,000390,-01253,000051,-02076,-00034,0.0000,-0.0000,-0.0000,-0.0000
003852,000514,-01062,000152,-01483,000009,0.0000,-0.0000,-0.0000,-0.0000
003933,000432,-01130,000177,-01125,000124,0.0000,-0.0000,-0.0000,-0.0000
004034,000583,-00993,000085,-01315,000143,0.0000,-0.0000,-0.0000,-0.0000
004033,000524,-01074,000052,-01505,000120,0.0000,-0.0000,-0.0000,-0.0000
003793,000498,-01029,000040,-01637,000110,0.0000,-0.0000,-0.0000,-0.0000
003887,000587,-01412,000049,-01674,000183,0.0000,-0.0000,-0.0000,-0.0000
003914,000698,-01549,000120,-02107,000118,0.0000,-0.0000,-0.0000,-0.0000
003906,000621,-01692,000102,-02580,000064,0.0000,-0.0000,-0.0000,-0.0000
003523,000385,-01725,000133,-02426,000051,0.0000,-0.0000,-0.0000,-0.0000
003366,000339,-01559,000158,-01899,000077,0.0000,-0.0000,-0.0000,-0.0000
003427,000347,-01664,000157,-01291,000113,0.0000,-0.0000,-0.0000,-0.0000
003617,000594,-01549,000125,-01253,000040,0.0000,-0.0000,-0.0000,-0.0000
003753,000520,-01982,000110,-01603,000013,0.0000,-0.0000,-0.0000,-0.0000
003560,000352,-01899,000087,-01681,000007,0.0000,-0.0000,-0.0000,-0.0000
003479,000299,-02041,000108,-01390,000091,0.0000,-0.0000,-0.0000,-0.0000
003476,000311,-02007,000092,-00992,000173,0.0000,-0.0000,-0.0000,-0.0000
003569,000282,-02067,000020,-00901,000285,0.0000,-0.0000,-0.0000,-0.0000
003785,000357,-02246,-00052,-00943,000386,0.0000,-0.0000,-0.0000,-0.0000
003592,000246,-02406,000004,-00991,000422,0.0000,-0.0000,-0.0000,-0.0000
003230,000309,-02439,000004,-00732,000370,0.0000,-0.0000,-0.0000,-0.0000
003120,000207,-02487,000138,000055,000351,0.0000,-0.0000,-0.0000,-0.0000
003076,000222,-02068,000120,000393,000283,0.0000,-0.0000,-0.0000,-0.0000
003399,000284,-02285,-00063,-00121,000299,0.0000,-0.0000,-0.0000,-0.0000
003414,000187,-02453,-00092,-00286,000263,0.0000,-0.0000,-0.0000,-0.0000
003341,000365,-02461,-00074,-00348,000253,0.0000,-0.0000,-0.0000,-0.0000
003167,000370,-02284,-00024,-00459,000163,0.0000,-0.0000,-0.0000,-0.0000
003057,000241,-02076,-00072,-00686,000068,0.0000,-0.0000,-0.0000,-0.0000
002960,000267,-02434,-00102,-00416,-00102,0.0000,-0.0000,-0.0000,-0.0000
002871,000293,-02214,-00073,-00104,-00252,0.0000,-0.0000,-0.0000,-0.0000
003079,000184,-02342,-00094,000258,-00349,0.0000,-0.0000,-0.0000,-0.0000
003301,000160,-02282,-00109,000688,-00323,0.0000,-0.0000,-0.0000,-0.0000
003633,000075,-02330,-00083,001249,-00181,0.0000,-0.0000,-0.0000,-0.0000
003914,000231,-02525,-00063,001626,-00052,0.0000,-0.0000,-0.0000,-0.0000
003977,000252,-02765,-00006,002061,000070,0.0000,-0.0000,-0.0000,-0.0000
003635,000337,-02017,000011,001849,000204,0.0000,-0.0000,-0.0000,-0.0000
003995,000222,-01929,-00079,001243,000168,0.0000,-0.0000,-0.0000,-0.0000
003901,000186,-02069,-00102,001291,000187,0.0000,-0.0000,-0.0000,-0.0000
003793,000223,-01944,-00041,001527,000214,0.0000,-0.0000,-0.0000,-0.0000
003630,000233,-01699,-00103,001434,000230,0.0000,-0.0000,-0.0000,-0.0000
003692,000309,-01810,-00136,001200,000215,0.0000,-0.0000,-0.0000,-0.0000
003779,000157,-01872,-00117,001341,000362,0.0000,-0.0000,-0.0000,-0.0000
003870,000086,-01581,-00076,001636,000460,0.0000,-0.0000,-0.0000,-0.0000
003790,000084,-01422,-00082,001917,000505,0.0000,-0.0000,-0.0000,-0.0000
003674,000225,-01270,-00139,002114,000473,0.0000,-0.0000,-0.0000,-0.0000
003802,000221,-01156,-00239,002278,000464,0.0000,-0.0000,-0.0000,-0.0000
003742,-00092,-01142,-00200,002686,000271,0.0000,-0.0000,-0.0000,-0.0000
003587,000089,-01037,-00252,003244,000086,0.0000,-0.0000,-0.0000,-0.0000
003177,000439,-00633,-00347,003625,-00146,0.0000,-0.0000,-0.0000,-0.0000
003471,000230,-00504,-00320,003965,-00168,0.0000,-0.0000,-0.0000,-0.0000
004188,000058,-00387,-00251,004532,000044,0.0000,-0.0000,-0.0000,-0.0000
004646,-00110,000017,-00395,004678,000410,0.0000,-0.0000,-0.0000,-0.0000
004464,000033,000175,-00697,004167,000566,0.0000,-0.0000,-0.0000,-0.0000
004360,000128,000144,-00910,003839,000633,0.0000,-0.0000,-0.0000,-0.0000
004532,000014,000593,-00945,003684,000732,0.0000,-0.0000,-0.0000,-0.0000
004229,000114,000828,-00798,003342,000871,0.0000,-0.0000,-0.0000,-0.0000
004284,-00018,000905,-00801,003043,001009,0.0000,-0.0000,-0.0000,-0.0000
003681,000101,001091,-00776,002701,000890,0.0000,-0.0000,-0.0000,-0.0000
003426,000192,001090,-00588,002465,000771,0.0000,-0.0000,-0.0000,-0.0000
003448,000106,001205,-00326,002546,000619,0.0000,-0.0000,-0.0000,-0.0000
003795,-00209,001304,-00242,002753,000708,0.0000,-0.0000,-0.0000,-0.0000
003817,-00258,001558,-00420,002304,000689,0.0000,-0.0000,-0.0000,-0.0000
003716,-00281,001669,-00550,001533,000488,0.0000,-0.0000,-0.0000,-0.0000
003442,-00110,001648,-00356,001095,000261,0.0000,-0.0000,-0.0000,-0.0000
003337,-00223,001668,-00092,001021,000126,0.0000,-0.0000,-0.0000,-0.0000
003262,-00372,001769,-00009,001080,000034,0.0000,-0.0000,-0.0000,-0.0000
003228,-00453,001854,-00028,001259,-00070,0.0000,-0.0000,-0.0000,-0.0000
003368,-00388,001911,-00044,001263,-00177,0.0000,-0.0000,-0.0000,-0.0000
003624,-00289,001892,-00011,001079,-00232,0.0000,-0.0000,-0.0000,-0.0000
003473,-00293,001873,000078,001064,-00178,0.0000,-0.0000,-0.0000,-0.0000
003133,-00186,002007,000219,001303,-00117,0.0000,-0.0000,-0.0000,-0.0000
002732,-00173,002041,000338,001549,-00176,0.0000,-0.0000,-0.0000,-0.0000
002365,-00093,002125,000495,001977,-00359,0.0000,-0.0000,-0.0000,-0.0000
002778,-00137,002390,000637,002494,-00275,0.0000,-0.0000,-0.0000,-0.0000
003310,-00157,002532,000464,002819,-00012,0.0000,-0.0000,-0.0000,-0.0000
003442,-00476,002943,000213,002987,000328,0.0000,-0.0000,-0.0000,-0.0000
003271,-00331,002949,-00073,002702,000371,0.0000,-0.0000,-0.0000,-0.0000
003207,-00345,002572,-00158,002238,000273,0.0000,-0.0000,-0.0000,-0.0000
002743,-00135,002493,000006,001877,000162,0.0000,-0.0000,-0.0000,-0.0000
002829,-00349,003038,000197,001952,000459,0.0000,-0.0000,-0.0000,-0.0000
002776,-00737,003277,-00071,001466,000519,0.0000,-0.0000,-0.0000,-0.0000
002477,-00618,003320,-00503,001018,000416,0.0000,-0.0000,-0.0000,-0.0000
001999,-00182,003092,-00562,001065,000497,0.0000,-0.0000,-0.0000,-0.0000
001889,000035,002988,-00377,001465,000614,0.0000,-0.0000,-0.0000,-0.0000
002034,-00118,003199,-00288,001882,000690,0.0000,-0.0000,-0.0000,-0.0000
002055,-00279,003243,-00239,002009,000681,0.0000,-0.0000,-0.0000,-0.0000
002274,-00576,003477,-00245,001751,000521,0.0000,-0.0000,-0.0000,-0.0000
002265,-00598,003541,-00122,001238,000231,0.0000,-0.0000,-0.0000,-0.0000
002035,-00526,003304,000030,000861,000022,0.0000,-0.0000,-0.0000,-0.0000
001494,-00287,003290,000182,000978,-00052,0.0000,-0.0000,-0.0000,-0.0000
001137,-00170,003166,000330,001192,-00104,0.0000,-0.0000,-0.0000,-0.0000
001018,-00002,003209,000516,001544,-00181,0.0000,-0.0000,-0.0000,-0.0000
001123,000024,003150,000710,001786,-00202,0.0000,-0.0000,-0.0000,-0.0000
002107,-00047,003548,000750,002130,000200,0.0000,-0.0000,-0.0000,-0.0000
002253,-00654,003613,000497,002073,000539,0.0000,-0.0000,-0.0000,-0.0000
001938,-00649,003993,000219,001747,000575,0.0000,-0.0000,-0.0000,-0.0000
001718,-00576,003867,000120,001248,000307,0.0000,-0.0000,-0.0000,-0.0000
001215,-00234,003901,000302,000915,000004,0.0000,-0.0000,-0.0000,-0.0000
000608,-00108,003762,000566,000942,-00070,0.0000,-0.0000,-0.0000,-0.0000
000297,000097,003688,000804,001514,-00107,0.0000,-0.0000,-0.0000,-0.0000
000554,000054,003761,000927,002006,-00126,0.0000,-0.0000,-0.0000,-0.0000
001877,-00238,004314,000865,002276,000227,0.0000,-0.0000,-0.0000,-0.0000
002349,-01420,004195,000243,001636,000589,0.0000,-0.0000,-0.0000,-0.0000
001681,-00955,004792,-00092,000769,000243,0.0000,-0.0000,-0.0000,-0.0000
000726,-00369,004493,000058,000191,-00139,0.0000,-0.0000,-0.0000,-0.0000
000032,-00056,004191,000181,000302,-00333,0.0000,-0.0000,-0.0000,-0.0000
000065,-00003,003967,000255,000835,-00293,0.0000,-0.0000,-0.0000,-0.0000
000217,-00074,003959,000298,001396,-00280,0.0000,-0.0000,-0.0000,-0.0000
000676,000014,004282,000359,001569,-00257,0.0000,-0.0000,-0.0000,-0.0000
001312,-00348,004011,000335,001414,-00023,0.0000,-0.0000,-0.0000,-0.0000
001289,-00353,003988,000261,001109,000020,0.0000,-0.0000,-0.0000,-0.0000
000605,-00239,003916,000290,000663,-00075,0.0000,-0.0000,-0.0000,-0.0000
000274,-00273,003964,000166,000527,-00136,0.0000,-0.0000,-0.0000,-0.0000
000251,-00082,003995,000141,000666,-00130,0.0000,-0.0000,-0.0000,-0.0000
000024,-00004,003842,000255,000743,-00285,0.0000,-0.0000,-0.0000,-0.0000
000067,000140,003750,000351,000867,-00382,0.0000,-0.0000,-0.0000,-0.0000
000192,000008,003886,000371,001119,-00336,0.0000,-0.0000,-0.0000,-0.0000
000448,-00027,004162,000412,001276,-00069,0.0000,-0.0000,-0.0000,-0.0000
000439,-00244,004165,000264,001009,000114,0.0000,-0.0000,-0.0000,-0.0000
000175,-00048,004110,000200,000737,000003,0.0000,-0.0000,-0.0000,-0.0000
-00301,000155,003990,000204,000615,-00050,0.0000,-0.0000,-0.0000,-0.0000
-00486,000341,003869,000327,000626,-00038,0.0000,-0.0000,-0.0000,-0.0000
-00230,000232,003840,000433,000722,000036,0.0000,-0.0000,-0.0000,-0.0000
000026,000125,003972,000411,000776,000080,0.0000,-0.0000,-0.0000,-0.0000
-00114,000078,004074,000418,000771,000073,0.0000,-0.0000,-0.0000,-0.0000
-00191,000074,004140,000295,000550,-00017,0.0000,-0.0000,-0.0000,-0.0000
-00182,000188,004201,000184,000317,-00122,0.0000,-0.0000,-0.0000,-0.0000
000163,000118,004170,000086,000092,-00028,0.0000,-0.0000,-0.0000,-0.0000
000123,000178,004181,-00019,-00184,-00026,0.0000,-0.0000,-0.0000,-0.0000
-00335,000273,004117,000015,-00228,-00065,0.0000,-0.0000,-0.0000,-0.0000
-00702,000305,004098,000092,-00001,000010,0.0000,-0.0000,-0.0000,-0.0000
-00421,000268,004097,000131,000228,000101,0.0000,-0.0000,-0.0000,-0.0000
-00257,000183,004131,000087,000232,000062,0.0000,-0.0000,-0.0000,-0.0000
000020,000098,004099,000058,000073,000053,0.0000,-0.0000,-0.0000,-0.0000
000027,000196,004015,000041,-00135,000000,0.0000,-0.0000,-0.0000,-0.0000
-00095,000238,003992,000023,-00241,000016,0.0000,-0.0000,-0.0000,-0.0000
-00310,000322,003950,000067,-00245,000023,0.0000,-0.0000,-0.0000,-0.0000
-00562,000382,003916,000098,-00059,000038,0.0000,-0.0000,-0.0000,-0.0000
-00361,000174,004155,000085,000133,000103,0.0000,-0.0000,-0.0000,-0.0000
-00095,000143,004123,000093,000148,000103,0.0000,-0.0000,-0.0000,-0.0000
-00131,000223,004030,000040,000043,000064,0.0000,-0.0000,-0.0000,-0.0000
-00178,000221,004058,000036,-00069,000036,0.0000,-0.0000,-0.0000,-0.0000
-00153,000219,004006,000001,-00089,000058,0.0000,-0.0000,-0.0000,-0.0000
-00186,000227,004009,-00017,-00097,000090,0.0000,-0.0000,-0.0000,-0.0000
-00264,000239,003977,-00034,-00114,000064,0.0000,-0.0000,-0.0000,-0.0000
-00353,000277,004023,-00009,-00080,000039,0.0000,-0.0000,-0.0000,-0.0000
-00317,000277,003985,000032,-00013,000038,0.0000,-0.0000,-0.0000,-0.0000
-00278,000198,004026,000028,000019,000050,0.0000,-0.0000,-0.0000,-0.0000
-00172,000185,003968,000003,000008,000035,0.0000,-0.0000,-0.0000,-0.0000
-00142,000280,003927,000005,-00011,000040,0.0000,-0.0000,-0.0000,-0.0000
-00253,000278,003908,000045,-00019,000033,0.0000,-0.0000,-0.0000,-0.0000
-00180,000301,004026,000069,000012,000086,0.0000,-0.0000,-0.0000,-0.0000
-00189,000260,004109,000062,000030,000079,0.0000,-0.0000,-0.0000,-0.0000
-00270,000289,004112,000044,000053,000070,0.0000,-0.0000,-0.0000,-0.0000
-00127,000236,004095,-00048,-00058,-00006,0.0000,-0.0000,-0.0000,-0.0000
-00139,000244,004020,-00096,-00183,-00055,0.0000,-0.0000,-0.0000,-0.0000
-00097,000302,003917,-00106,-00285,-00112,0.0000,-0.0000,-0.0000,-0.0000
-00233,000368,003901,-00048,-00235,-00109,0.0000,-0.0000,-0.0000,-0.0000
-00269,000336,003934,000037,-00107,-00061,0.0000,-0.0000,-0.0000,-0.0000
-00199,000298,003979,000072,-00011,-00040,0.0000,-0.0000,-0.0000,-0.0000
-00170,000273,003990,000102,000012,-00063,0.0000,-0.0000,-0.0000,-0.0000
-00063,000212,004045,000096,000003,-00024,0.0000,-0.0000,-0.0000,-0.0000
000005,000227,004097,000070,-00042,000019,0.0000,-0.0000,-0.0000,-0.0000
-00200,000222,004047,000043,-00048,000015,0.0000,-0.0000,-0.0000,-0.0000
-00242,000253,004032,000033,-00021,000021,0.0000,-0.0000,-0.0000,-0.0000
-00108,000187,003996,000005,-00035,000008,0.0000,-0.0000,-0.0000,-0.0000
-00059,000246,003923,-00039,-00070,-00025,0.0000,-0.0000,-0.0000,-0.0000
-00130,000338,003894,000007,-00072,-00024,0.0000,-0.0000,-0.0000,-0.0000
-00101,000418,003865,000066,-00049,000009,0.0000,-0.0000,-0.0000,-0.0000
-00081,000221,004008,-00097,000073,000119,0.0000,-0.0000,-0.0000,-0.0000
-00104,000205,004145,000126,000028,000056,0.0000,-0.0000,-0.0000,-0.0000
-00177,000147,004045,000083,000039,000047,0.0000,-0.0000,-0.0000,-0.0000
-00062,000239,004033,-00017,000000,000026,0.0000,-0.0000,-0.0000,-0.0000
-00082,000285,004010,-00020,-00029,000021,0.0000,-0.0000,-0.0000,-0.0000
-00190,000335,003993,-00017,-00012,000040,0.0000,-0.0000,-0.0000,-0.0000
-00211,000320,004025,000013,000020,000060,0.0000,-0.0000,-0.0000,-0.0000
-00147,000278,004024,000010,000001,000052,0.0000,-0.0000,-0.0000,-0.0000
-00272,000282,004016,-00012,-00002,000012,0.0000,-0.0000,-0.0000,-0.0000
-00276,000297,004051,-00032,000031,000013,0.0000,-0.0000,-0.0000,-0.0000
-00188,000340,004042,-00032,000043,000001,0.0000,-0.0000,-0.0000,-0.0000
-00080,000295,004115,-00027,000017,000019,0.0000,-0.0000,-0.0000,-0.0000
-00153,000269,004059,-00069,-00074,-00019,0.0000,-0.0000,-0.0000,-0.0000
-00246,000284,004026,-00090,-00101,-00031,0.0000,-0.0000,-0.0000,-0.0000
-00237,000286,004023,-00106,-00026,000007,0.0000,-0.0000,-0.0000,-0.0000
-00241,000376,003968,-00082,-00008,-00013,0.0000,-0.0000,-0.0000,-0.0000
-00144,000301,003998,-00033,-00019,-00020,0.0000,-0.0000,-0.0000,-0.0000
-00028,000256,003979,-00031,-00064,-00051,0.0000,-0.0000,-0.0000,-0.0000
-00049,000226,003998,-00032,-00095,-00073,0.0000,-0.0000,-0.0000,-0.0000
-00058,000253,003777,-00106,-00033,-00020,0.0000,-0.0000,-0.0000,-0.0000
-00107,000236,004052,-00213,000045,000069,0.0000,-0.0000,-0.0000,-0.0000
-00120,000282,004025,-00107,000057,000037,0.0000,-0.0000,-0.0000,-0.0000
-00142,000233,004027,000001,000047,-00039,0.0000,-0.0000,-0.0000,-0.0000
-00133,000171,004046,-00028,000046,-00036,0.0000,-0.0000,-0.0000,-0.0000
-00072,000172,004029,-00077,000032,-00028,0.0000,-0.0000,-0.0000,-0.0000
000028,000151,003964,-00086,-00004,-00003,0.0000,-0.0000,-0.0000,-0.0000
-00060,000156,004064,-00061,000013,000043,0.0000,-0.0000,-0.0000,-0.0000
-00194,000231,003931,-00045,000005,000026,0.0000,-0.0000,-0.0000,-0.0000
-00173,000278,003980,000006,000023,-00011,0.0000,-0.0000,-0.0000,-0.0000
-00103,000230,003970,000051,000028,-00055,0.0000,-0.0000,-0.0000,-0.0000
-00079,000251,003838,000021,000019,-00056,0.0000,-0.0000,-0.0000,-0.0000
-00055,000193,004013,-00026,000003,-00011,0.0000,-0.0000,-0.0000,-0.0000
-00055,000135,003985,000062,-00030,-00021,0.0000,-0.0000,-0.0000,-0.0000
-00187,000208,003940,000000,000035,000042,0.0000,-0.0000,-0.0000,-0.0000
-00194,000199,004024,-00054,000043,000039,0.0000,-0.0000,-0.0000,-0.0000
-00162,000256,003960,000019,-00008,000004,0.0000,-0.0000,-0.0000,-0.0000
-00233,000314,003813,-00017,-00011,-00013,0.0000,-0.0000,-0.0000,-0.0000
-00128,000155,004041,-00032,000000,000023,0.0000,-0.0000,-0.0000,-0.0000
-00150,000249,003939,000031,-00018,000003,0.0000,-0.0000,-0.0000,-0.0000
-00173,000216,003993,000027,000003,-00008,0.0000,-0.0000,-0.0000,-0.0000
-00087,000194,004004,000026,000060,000035,0.0000,-0.0000,-0.0000,-0.0000
000018,000197,004007,000001,-00006,000006,0.0000,-0.0000,-0.0000,-0.0000
-00098,000365,003930,000052,-00030,-00047,0.0000,-0.0000,-0.0000,-0.0000
-00265,000315,003972,000048,-00024,-00106,0.0000,-0.0000,-0.0000,-0.0000
-00111,000336,003940,000068,-00019,-00162,0.0000,-0.0000,-0.0000,-0.0000
-00131,000288,003947,000071,-00051,-00278,0.0000,-0.0000,-0.0000,-0.0000
000117,000180,003971,000055,-00137,-00310,0.0000,-0.0000,-0.0000,-0.0000
000259,000391,003888,-00059,-00459,-00509,0.0000,-0.0000,-0.0000,-0.0000
-00162,000201,004213,-00154,-00652,-00828,0.0000,-0.0000,-0.0000,-0.0000
-00277,000195,004105,-00133,-00761,-00893,0.0000,-0.0000,-0.0000,-0.0000
-00123,000300,004121,-00180,-00831,-01138,0.0000,-0.0000,-0.0000,-0.0000
000056,000272,003938,-00206,-01005,-01429,0.0000,-0.0000,-0.0000,-0.0000
000109,000249,003783,-00124,-00698,-01464,0.0000,-0.0000,-0.0000,-0.0000
-00141,000425,003882,-00063,-00519,-01444,0.0000,-0.0000,-0.0000,-0.0000
000009,000259,004197,000100,-00250,-01438,0.0000,-0.0000,-0.0000,-0.0000
000017,000087,004458,000237,000041,-01461,0.0000,-0.0000,-0.0000,-0.0000
000223,000106,004214,000116,-00033,-01526,0.0000,-0.0000,-0.0000,-0.0000
000352,000439,004058,000101,-00183,-01709,0.0000,-0.0000,-0.0000,-0.0000
000133,000611,004102,000135,-00365,-02118,0.0000,-0.0000,-0.0000,-0.0000
-00049,-00151,004167,000102,-00601,-02267,0.0000,-0.0000,-0.0000,-0.0000
000183,000000,004216,000065,-00911,-02140,0.0000,-0.0000,-0.0000,-0.0000
000266,000015,004247,-00027,-01009,-02067,0.0000,-0.0000,-0.0000,-0.0000
000414,000322,004044,-00076,-00589,-01929,0.0000,-0.0000,-0.0000,-0.0000
000002,000367,004121,000007,-00201,-01954,0.0000,-0.0000,-0.0000,-0.0000
-00001,000313,004117,000226,000071,-01948,0.0000,-0.0000,-0.0000,-0.0000
000122,000210,003936,000193,000111,-02016,0.0000,-0.0000,-0.0000,-0.0000
-00726,001361,004215,000193,-00446,-02426,0.0000,-0.0000,-0.0000,-0.0000
000237,-00037,003872,000200,-00015,-02499,0.0000,-0.0000,-0.0000,-0.0000
000666,000186,004000,000009,-00294,-02016,0.0000,-0.0000,-0.0000,-0.0000
000566,000339,003835,-00095,-00665,-01913,0.0000,-0.0000,-0.0000,-0.0000
-00171,000584,003897,-00004,-00642,-02110,0.0000,-0.0000,-0.0000,-0.0000
-00106,000543,003796,000047,-00653,-02336,0.0000,-0.0000,-0.0000,-0.0000
000469,000297,004045,000138,-00517,-02326,0.0000,-0.0000,-0.0000,-0.0000
000872,000330,003953,000117,-00488,-01852,0.0000,-0.0000,-0.0000,-0.0000
000651,000410,004174,-00043,-00401,-01798,0.0000,-0.0000,-0.0000,-0.0000
000650,000336,004338,-00175,-00196,-01874,0.0000,-0.0000,-0.0000,-0.0000
000454,000469,004290,-00273,-00109,-02001,0.0000,-0.0000,-0.0000,-0.0000
000511,000189,004227,-00330,-00203,-02176,0.0000,-0.0000,-0.0000,-0.0000
000807,000673,003753,-00417,-00382,-02210,0.0000,-0.0000,-0.0000,-0.0000
000267,000758,003865,-00230,-00187,-02185,0.0000,-0.0000,-0.0000,-0.0000
000659,000394,003581,-00091,-00184,-01879,0.0000,-0.0000,-0.0000,-0.0000
000558,000344,003972,-00124,-00279,-01546,0.0000,-0.0000,-0.0000,-0.0000
000517,000649,003881,-00134,-00313,-01520,0.0000,-0.0000,-0.0000,-0.0000
000466,000440,003890,-00040,-00415,-01547,0.0000,-0.0000,-0.0000,-0.0000
000517,000392,003781,000128,-00471,-01516,0.0000,-0.0000,-0.0000,-0.0000
000676,000501,003859,000082,-00442,-01497,0.0000,-0.0000,-0.0000,-0.0000
000541,000488,003796,000010,-00454,-01406,0.0000,-0.0000,-0.0000,-0.0000
000604,000663,003850,000037,-00518,-01609,0.0000,-0.0000,-0.0000,-0.0000
000504,-00088,004087,000003,-00580,-01537,0.0000,-0.0000,-0.0000,-0.0000
000602,000571,004195,-00036,-00673,-01503,0.0000,-0.0000,-0.0000,-0.0000
000393,000137,004128,-00030,-00562,-01546,0.0000,-0.0000,-0.0000,-0.0000
000542,000445,003873,000058,-00440,-01374,0.0000,-0.0000,-0.0000,-0.0000
000403,000693,003821,-00032,-00433,-01340,0.0000,-0.0000,-0.0000,-0.0000
000397,000503,003757,-00079,-00260,-01111,0.0000,-0.0000,-0.0000,-0.0000
000447,000723,003966,-00082,-00168,-00856,0.0000,-0.0000,-0.0000,-0.0000
000583,000838,003794,-00089,-00151,-00967,0.0000,-0.0000,-0.0000,-0.0000
000831,000640,003912,-00150,-00175,-01074,0.0000,-0.0000,-0.0000,-0.0000
000703,000783,003848,-00145,-00203,-01249,0.0000,-0.0000,-0.0000,-0.0000
000995,000723,003885,-00095,-00262,-01339,0.0000,-0.0000,-0.0000,-0.0000
000675,000554,004018,000061,-00314,-01433,0.0000,-0.0000,-0.0000,-0.0000
000543,000383,004106,000145,-00282,-01432,0.0000,-0.0000,-0.0000,-0.0000
000507,000923,003873,000087,-00296,-01420,0.0000,-0.0000,-0.0000,-0.0000
000395,000240,003962,-00005,-00185,-01376,0.0000,-0.0000,-0.0000,-0.0000
000465,000815,003882,-00086,-00278,-01335,0.0000,-0.0000,-0.0000,-0.0000
000391,000616,003913,-00201,-00263,-01246,0.0000,-0.0000,-0.0000,-0.0000
000729,001176,003821,-00198,-00264,-01224,0.0000,-0.0000,-0.0000,-0.0000
000940,001364,003705,-00012,-00277,-01463,0.0000,-0.0000,-0.0000,-0.0000
000923,000625,003823,000250,-00431,-01507,0.0000,-0.0000,-0.0000,-0.0000
000794,000922,003942,000347,-00541,-01574,0.0000,-0.0000,-0.0000,-0.0000
000577,000653,003787,000232,-00477,-01569,0.0000,-0.0000,-0.0000,-0.0000
000689,000936,003625,000192,-00286,-01169,0.0000,-0.0000,-0.0000,-0.0000
000838,000971,003912,000056,-00288,-01182,0.0000,-0.0000,-0.0000,-0.0000
000795,001031,003890,-00133,-00235,-01076,0.0000,-0.0000,-0.0000,-0.0000
000727,000798,003887,-00127,-00164,-01029,0.0000,-0.0000,-0.0000,-0.0000
001063,001307,003854,-00105,-00075,-00732,0.0000,-0.0000,-0.0000,-0.0000
001126,001646,003689,000134,-00036,-01268,0.0000,-0.0000,-0.0000,-0.0000
001049,000785,003936,000408,-00225,-01210,0.0000,-0.0000,-0.0000,-0.0000
000848,001102,003900,000663,-00329,-01217,0.0000,-0.0000,-0.0000,-0.0000
000822,000813,003986,000511,-00348,-01021,0.0000,-0.0000,-0.0000,-0.0000
000703,000879,003868,000257,-00297,-00891,0.0000,-0.0000,-0.0000,-0.0000
000772,000773,003885,-00065,-00236,-00530,0.0000,-0.0000,-0.0000,-0.0000
000786,001448,003820,-00207,-00078,-00343,0.0000,-0.0000,-0.0000,-0.0000
000871,001237,003726,-00151,000021,-00392,0.0000,-0.0000,-0.0000,-0.0000
001054,001155,003976,-00215,-00002,-00329,0.0000,-0.0000,-0.0000,-0.0000
001010,001038,003989,-00294,-00024,-00280,0.0000,-0.0000,-0.0000,-0.0000
001036,000839,003727,-00230,000114,-00181,0.0000,-0.0000,-0.0000,-0.0000
000918,000957,004080,000034,-00016,-00395,0.0000,-0.0000,-0.0000,-0.0000
000828,000654,004053,-00155,-00126,-00336,0.0000,-0.0000,-0.0000,-0.0000
000556,000761,003748,-00287,-00147,-00165,0.0000,-0.0000,-0.0000,-0.0000
000465,001191,003615,-00339,-00016,000026,0.0000,-0.0000,-0.0000,-0.0000
000456,001101,003390,-00295,000057,000115,0.0000,-0.0000,-0.0000,-0.0000
000721,001494,003421,-00084,000105,000052,0.0000,-0.0000,-0.0000,-0.0000
000540,001015,003402,000132,000030,-00005,0.0000,-0.0000,-0.0000,-0.0000
000647,000938,003659,000142,-00003,-00015,0.0000,-0.0000,-0.0000,-0.0000
000680,000613,003973,000066,000055,000103,0.0000,-0.0000,-0.0000,-0.0000
000763,000691,003956,-00111,000059,000128,0.0000,-0.0000,-0.0000,-0.0000
000801,000797,003922,-00297,000095,000252,0.0000,-0.0000,-0.0000,-0.0000
000952,001097,004016,-00279,000193,000402,0.0000,-0.0000,-0.0000,-0.0000
000827,000959,003798,-00191,000239,000400,0.0000,-0.0000,-0.0000,-0.0000
000260,000153,004390,-00192,000289,000550,0.0000,-0.0000,-0.0000,-0.0000
000867,001635,003539,-00012,000441,000810,0.0000,-0.0000,-0.0000,-0.0000
000742,001034,003466,-00021,000438,000730,0.0000,-0.0000,-0.0000,-0.0000
000695,000543,003849,-00362,000410,001138,0.0000,-0.0000,-0.0000,-0.0000
000600,000493,003975,-00602,000428,001356,0.0000,-0.0000,-0.0000,-0.0000
000544,001054,004020,-00674,000512,001684,0.0000,-0.0000,-0.0000,-0.0000
000637,000867,003950,-00609,000791,001702,0.0000,-0.0000,-0.0000,-0.0000
000590,000693,003859,-00471,000745,001785,0.0000,-0.0000,-0.0000,-0.0000
000592,000744,004004,-00303,000576,001621,0.0000,-0.0000,-0.0000,-0.0000
000649,000820,003900,-00174,000490,001592,0.0000,-0.0000,-0.0000,-0.0000
000339,000624,003948,-00310,000316,001541,0.0000,-0.0000,-0.0000,-0.0000
000578,000710,003693,-00396,000398,001678,0.0000,-0.0000,-0.0000,-0.0000
000803,000465,003654,-00500,000403,002096,0.0000,-0.0000,-0.0000,-0.0000
000915,000359,003786,-00607,000118,002485,0.0000,-0.0000,-0.0000,-0.0000
000191,000378,004195,-00659,-00112,002412,0.0000,-0.0000,-0.0000,-0.0000
-00031,000503,004124,-00676,-00083,002194,0.0000,-0.0000,-0.0000,-0.0000
000519,000639,004090,-00621,000216,002094,0.0000,-0.0000,-0.0000,-0.0000
000593,000244,003526,-00354,000452,002104,0.0000,-0.0000,-0.0000,-0.0000
000739,000139,003759,-00358,000404,002185,0.0000,-0.0000,-0.0000,-0.0000
000776,-00063,003790,-00492,000106,002179,0.0000,-0.0000,-0.0000,-0.0000
000373,000164,003643,-00537,-00107,002175,0.0000,-0.0000,-0.0000,-0.0000
-00058,-00133,003771,-00710,-00260,001982,0.0000,-0.0000,-0.0000,-0.0000
000401,000099,003947,-00699,-00472,002163,0.0000,-0.0000,-0.0000,-0.0000
000035,-00028,004182,-00597,-00333,002156,0.0000,-0.0000,-0.0000,-0.0000
000156,-00412,004021,-00459,-00289,002126,0.0000,-0.0000,-0.0000,-0.0000
000626,-00397,003892,-00487,-00320,002459,0.0000,-0.0000,-0.0000,-0.0000
000922,-00101,003938,-00523,-00218,002730,0.0000,-0.0000,-0.0000,-0.0000
000869,-00054,003663,-00461,-00211,002846,0.0000,-0.0000,-0.0000,-0.0000
000733,-00708,003787,-00512,-00528,002937,0.0000,-0.0000,-0.0000,-0.0000
000167,-00086,004171,-00550,-00387,002896,0.0000,-0.0000,-0.0000,-0.0000
000265,-00193,004321,-00520,-00132,002619,0.0000,-0.0000,-0.0000,-0.0000
000469,-00652,004249,-00277,000065,002709,0.0000,-0.0000,-0.0000,-0.0000
000465,-00715,004139,-00207,000189,003279,0.0000,-0.0000,-0.0000,-0.0000
000886,-01079,003925,-00226,000202,003824,0.0000,-0.0000,-0.0000,-0.0000
001158,-00336,004307,-00117,000231,003912,0.0000,-0.0000,-0.0000,-0.0000
001196,-00436,003755,-00127,000193,003303,0.0000,-0.0000,-0.0000,-0.0000
001040,000008,004299,-00059,000233,002346,0.0000,-0.0000,-0.0000,-0.0000
000686,-00650,003953,000204,000185,001667,0.0000,-0.0000,-0.0000,-0.0000
000522,-00677,003778,000237,000126,001672,0.0000,-0.0000,-0.0000,-0.0000
000352,-00716,003997,000079,000160,001869,0.0000,-0.0000,-0.0000,-0.0000
000272,-00865,003963,-00003,000096,002064,0.0000,-0.0000,-0.0000,-0.0000
000378,-00796,003867,-00153,000070,002317,0.0000,-0.0000,-0.0000,-0.0000
000114,-00699,004002,-00071,-00045,002460,0.0000,-0.0000,-0.0000,-0.0000
-00052,-00074,004045,000115,000065,002622,0.0000,-0.0000,-0.0000,-0.0000
-00143,000289,004065,000363,000193,002258,0.0000,-0.0000,-0.0000,-0.0000
-00128,-01047,003758,000339,000422,002288,0.0000,-0.0000,-0.0000,-0.0000
-00071,-00591,003918,000226,000483,002230,0.0000,-0.0000,-0.0000,-0.0000
000211,-00888,003876,000104,000425,002098,0.0000,-0.0000,-0.0000,-0.0000
000215,-00883,003841,-00142,000210,001853,0.0000,-0.0000,-0.0000,-0.0000
000207,-00724,003749,-00139,-00066,001820,0.0000,-0.0000,-0.0000,-0.0000
000072,-00659,003952,-00092,-00187,001914,0.0000,-0.0000,-0.0000,-0.0000
-00426,-00239,004032,000144,-00099,001858,0.0000,-0.0000,-0.0000,-0.0000
-00642,000031,003908,000261,000048,001641,0.0000,-0.0000,-0.0000,-0.0000
-00185,-00728,003882,000261,000105,001502,0.0000,-0.0000,-0.0000,-0.0000
000152,-00712,003759,000226,000084,001672,0.0000,-0.0000,-0.0000,-0.0000
000162,-00791,003797,000216,000001,001651,0.0000,-0.0000,-0.0000,-0.0000
-00058,-00626,003677,000113,-00065,001518,0.0000,-0.0000,-0.0000,-0.0000
-00271,-00350,003905,000085,-00085,001292,0.0000,-0.0000,-0.0000,-0.0000
-00343,-00360,003925,000142,-00141,001075,0.0000,-0.0000,-0.0000,-0.0000
-00386,-00344,003957,000182,-00072,000947,0.0000,-0.0000,-0.0000,-0.0000
-00370,-00197,004096,000292,000028,000720,0.0000,-0.0000,-0.0000,-0.0000
-00373,-00510,004092,000369,000086,000520,0.0000,-0.0000,-0.0000,-0.0000
-00384,-00502,003993,000285,000075,000495,0.0000,-0.0000,-0.0000,-0.0000
-00231,-00335,004078,000193,000015,000368,0.0000,-0.0000,-0.0000,-0.0000
-00311,-00184,003809,000205,000005,000266,0.0000,-0.0000,-0.0000,-0.0000
-00320,-00231,004024,000354,000019,000335,0.0000,-0.0000,-0.0000,-0.0000
-00336,-00371,004005,000415,-00017,000264,0.0000,-0.0000,-0.0000,-0.0000
-00374,-00412,003960,000384,000020,000122,0.0000,-0.0000,-0.0000,-0.0000
-00333,-00307,004003,000352,000048,000073,0.0000,-0.0000,-0.0000,-0.0000
-00253,-00324,003988,000382,000066,000036,0.0000,-0.0000,-0.0000,-0.0000
-00158,-00380,003944,000380,000055,000044,0.0000,-0.0000,-0.0000,-0.0000
-00438,-00256,004032,000348,000078,000076,0.0000,-0.0000,-0.0000,-0.0000
-00428,-00247,004081,000351,000040,000095,0.0000,-0.0000,-0.0000,-0.0000
-00241,-00221,003984,000260,000070,000096,0.0000,-0.0000,-0.0000,-0.0000
-00187,-00391,004034,000269,000038,000045,0.0000,-0.0000,-0.0000,-0.0000
-00218,-00258,003933,000276,-00010,-00057,0.0000,-0.0000,-0.0000,-0.0000
-00256,-00209,003952,000226,-00030,-00147,0.0000,-0.0000,-0.0000,-0.0000
-00240,-00215,003981,000235,000027,-00121,0.0000,-0.0000,-0.0000,-0.0000
-00319,-00135,003981,000287,000062,-00016,0.0000,-0.0000,-0.0000,-0.0000
-00215,-00120,003969,000346,000044,-00018,0.0000,-0.0000,-0.0000,-0.0000
-00206,-00131,003981,000365,000024,-00046,0.0000,-0.0000,-0.0000,-0.0000
-00220,-00131,003984,000327,-00036,-00110,0.0000,-0.0000,-0.0000,-0.0000
-00167,-00090,004009,000320,-00079,-00174,0.0000,-0.0000,-0.0000,-0.0000
-00300,-00076,004050,000316,-00043,-00218,0.0000,-0.0000,-0.0000,-0.0000
-00401,-00055,004065,000312,-00005,-00159,0.0000,-0.0000,-0.0000,-0.0000
-00493,000010,004132,000310,000039,-00156,0.0000,-0.0000,-0.0000,-0.0000
-00641,000042,004108,000290,000056,-00182,0.0000,-0.0000,-0.0000,-0.0000
-00493,000028,004058,000302,000073,-00203,0.0000,-0.0000,-0.0000,-0.0000
-00233,000033,003986,000306,000076,-00235,0.0000,-0.0000,-0.0000,-0.0000
-00182,000317,003911,000230,000080,-00260,0.0000,-0.0000,-0.0000,-0.0000
-00291,000232,003952,000186,000103,-00277,0.0000,-0.0000,-0.0000,-0.0000
-00309,000053,004007,000250,000036,-00301,0.0000,-0.0000,-0.0000,-0.0000
-00102,-00028,003942,000212,-00002,-00214,0.0000,-0.0000,-0.0000,-0.0000
000127,-00017,003847,000160,-00079,-00163,0.0000,-0.0000,-0.0000,-0.0000
000040,000244,003874,000126,-00136,-00168,0.0000,-0.0000,-0.0000,-0.0000
-00273,000329,004018,000124,-00149,-00241,0.0000,-0.0000,-0.0000,-0.0000
-00366,-00052,004132,000091,-00143,-00246,0.0000,-0.0000,-0.0000,-0.0000
-00347,-00205,004231,000076,-00075,-00149,0.0000,-0.0000,-0.0000,-0.0000
-00238,000025,004108,000067,-00050,-00122,0.0000,-0.0000,-0.0000,-0.0000
-00098,000157,003956,000041,-00064,-00149,0.0000,-0.0000,-0.0000,-0.0000
000000,000124,003889,000022,-00087,-00112,0.0000,-0.0000,-0.0000,-0.0000
-00088,000011,003976,000034,-00107,-00091,0.0000,-0.0000,-0.0000,-0.0000
-00151,000087,003948,000102,-00141,-00076,0.0000,-0.0000,-0.0000,-0.0000
-00075,000052,003956,000142,-00104,-00015,0.0000,-0.0000,-0.0000,-0.0000
-00050,-00056,004014,000165,-00070,000041,0.0000,-0.0000,-0.0000,-0.0000
-00180,-00054,004084,000187,-00047,000052,0.0000,-0.0000,-0.0000,-0.0000
-00166,000062,004056,000172,-00058,000058,0.0000,-0.0000,-0.0000,-0.0000
-00080,000059,004030,000166,-00045,000095,0.0000,-0.0000,-0.0000,-0.0000
-00108,-00207,004191,000148,-00253,-00014,0.0000,-0.0000,-0.0000,-0.0000
-00249,000117,004224,000026,-00200,000059,0.0000,-0.0000,-0.0000,-0.0000
-00279,000189,004169,000001,-00103,000063,0.0000,-0.0000,-0.0000,-0.0000
-00150,000216,004117,000007,-00047,000028,0.0000,-0.0000,-0.0000,-0.0000
-00157,000227,004487,000041,-00094,-00017,0.0000,-0.0000,-0.0000,-0.0000
-00139,000118,003994,000002,-00046,000000,0.0000,-0.0000,-0.0000,-0.0000
-00106,000149,003981,-00016,-00117,000019,0.0000,-0.0000,-0.0000,-0.0000
-00052,000180,004018,000040,-00185,000018,0.0000,-0.0000,-0.0000,-0.0000
-00194,000194,004074,000111,-00175,000026,0.0000,-0.0000,-0.0000,-0.0000
-00237,000239,004388,000034,-00183,-00005,0.0000,-0.0000,-0.0000,-0.0000
-00135,000096,004022,-00088,-00109,-00025,0.0000,-0.0000,-0.0000,-0.0000
-00158,000184,003964,-00003,-00012,000022,0.0000,-0.0000,-0.0000,-0.0000
-00129,000113,003985,-00002,-00002,-00021,0.0000,-0.0000,-0.0000,-0.0000
-00119,000101,004000,-00005,000009,-00041,0.0000,-0.0000,-0.0000,-0.0000
-00036,000091,004001,-00004,000006,-00032,0.0000,-0.0000,-0.0000,-0.0000
-00130,000119,003968,-00006,000010,-00020,0.0000,-0.0000,-0.0000,-0.0000
-00114,000125,003988,-00006,000012,000004,0.0000,-0.0000,-0.0000,-0.0000
-00138,000150,004033,-00003,000013,000008,0.0000,-0.0000,-0.0000,-0.0000
000417,000160,004031,-00002,000013,000032,0.0000,-0.0000,-0.0000,-0.0000
-00076,000167,003999,-00002,000000,000029,0.0000,-0.0000,-0.0000,-0.0000
-00081,000174,003979,000001,-00001,000010,0.0000,-0.0000,-0.0000,-0.0000
-00116,000146,004004,000000,000000,-00001,0.0000,-0.0000,-0.0000,-0.0000
-00060,000221,004006,-00001,-00004,-00018,0.0000,-0.0000,-0.0000,-0.0000
-00119,000197,004004,000000,-00008,-00221,0.0000,-0.0000,-0.0000,-0.0000
-00334,000028,004034,-00003,000008,-00220,0.0000,-0.0000,-0.0000,-0.0000
000029,000099,004025,-00002,-00006,-00048,0.0000,-0.0000,-0.0000,-0.0000
-00077,000141,004005,000000,-00003,000003,0.0000,-0.0000,-0.0000,-0.0000
-00150,000125,004019,-00001,-00019,-00003,0.0000,-0.0000,-0.0000,-0.0000
-00076,000148,003985,-00001,-00003,-00001,0.0000,-0.0000,-0.0000,-0.0000
-00115,000156,004004,000000,-00002,-00001,0.0000,-0.0000,-0.0000,-0.0000
-00117,000165,004016,000000,000001,000001,0.0000,-0.0000,-0.0000,-0.0000
-00104,000145,003989,000002,-00004,-00001,0.0000,-0.0000,-0.0000,-0.0000
-00098,000164,004013,000002,000001,-00001,0.0000,-0.0000,-0.0000,-0.0000
-00085,000177,004009,-00002,-00002,000000,0.0000,-0.0000,-0.0000,-0.0000
-00110,000167,004000,000000,000000,000002,0.0000,-0.0000,-0.0000,-0.0000
-00090,000155,004012,000000,000001,000003,0.0000,-0.0000,-0.0000,-0.0000
-00084,000160,003994,-00002,000000,-00001,0.0000,-0.0000,-0.0000,-0.0000
-00100,000143,004010,000000,000001,-00001,0.0000,-0.0000,-0.0000,-0.0000
-00104,000124,003985,-00003,-00002,000000,0.0000,-0.0000,-0.0000,-0.0000
-00108,000151,003994,-00002,000000,-00002,0.0000,-0.0000,-0.0000,-0.0000
-00102,000148,004014,-00003,000000,000000,0.0000,-0.0000,-0.0000,-0.0000
-00092,000158,003987,000000,-00002,-00002,0.0000,-0.0000,-0.0000,-0.0000
-00109,000149,003993,-00003,-00001,000001,0.0000,-0.0000,-0.0000,-0.0000
-00102,000155,003988,-00006,-00001,000002,0.0000,-0.0000,-0.0000,-0.0000
-00079,000146,003993,000000,-00002,000003,0.0000,-0.0000,-0.0000,-0.0000
-00122,000165,004009,-00003,-00001,-00002,0.0000,-0.0000,-0.0000,-0.0000
-00098,000171,003990,-00002,-00002,-00002,0.0000,-0.0000,-0.0000,-0.0000
-00107,000161,003995,000000,-00002,000001,0.0000,-0.0000,-0.0000,-0.0000
-00110,000167,004002,-00002,000001,000002,0.0000,-0.0000,-0.0000,-0.0000
-00100,000165,004005,000000,-00001,000001,0.0000,-0.0000,-0.0000,-0.0000
-00102,000179,003993,000001,-00001,000001,0.0000,-0.0000,-0.0000,-0.0000
-00104,000175,003999,-00002,000000,-00002,0.0000,-0.0000,-0.0000,-0.0000
-00092,000184,004022,-00002,-00001,000005,0.0000,-0.0000,-0.0000,-0.0000
-00076,000190,004005,-00003,000000,000008,0.0000,-0.0000,-0.0000,-0.0000
-00095,000193,003961,-00001,-00002,000006,0.0000,-0.0000,-0.0000,-0.0000
-00084,000181,004004,-00002,-00003,000008,0.0000,-0.0000,-0.0000,-0.0000
-00063,000176,003993,-00001,000001,000007,0.0000,-0.0000,-0.0000,-0.0000
-00074,000149,003996,000000,-00002,000008,0.0000,-0.0000,-0.0000,-0.0000
-00052,000135,004010,-00002,-00003,000005,0.0000,-0.0000,-0.0000,-0.0000
-00070,000129,003979,-00003,-00003,000001,0.0000,-0.0000,-0.0000,-0.0000
-00091,000119,003971,-00001,000001,000000,0.0000,-0.0000,-0.0000,-0.0000
-00129,000116,003980,-00004,000001,-00004,0.0000,-0.0000,-0.0000,-0.0000
-00145,000123,004040,-00001,000000,-00001,0.0000,-0.0000,-0.0000,-0.0000
-00125,000112,004003,000000,000000,-00001,0.0000,-0.0000,-0.0000,-0.0000
-00120,000129,004000,000001,-00002,-00001,0.0000,-0.0000,-0.0000,-0.0000
-00123,000144,003986,000002,-00001,000003,0.0000,-0.0000,-0.0000,-0.0000
-00101,000153,004017,000003,000001,000001,0.0000,-0.0000,-0.0000,-0.0000
-00115,000164,004028,000000,-00003,000004,0.0000,-0.0000,-0.0000,-0.0000
-00109,000174,004010,-00002,-00001,000000,0.0000,-0.0000,-0.0000,-0.0000
-00107,000187,003988,000001,000001,-00001,0.0000,-0.0000,-0.0000,-0.0000
-00104,000171,004004,000001,000000,000000,0.0000,-0.0000,-0.0000,-0.0000
-00109,000174,004006,-00001,-00001,-00001,0.0000,-0.0000,-0.0000,-0.0000
-00090,000160,004008,000002,-00001,000002,0.0000,-0.0000,-0.0000,-0.0000
-00084,000173,003985,000000,-00001,000002,0.0000,-0.0000,-0.0000,-0.0000
-00091,000151,004015,000000,-00002,-00002,0.0000,-0.0000,-0.0000,-0.0000
-00103,000155,004003,000001,000000,-00002,0.0000,-0.0000,-0.0000,-0.0000
-00090,000169,004010,000000,000000,000000,0.0000,-0.0000,-0.0000,-0.0000
-00089,000163,003951,-00002,000000,000002,0.0000,-0.0000,-0.0000,-0.0000
-00094,000155,004004,000001,000001,000001,0.0000,-0.0000,-0.0000,-0.0000
-00100,000152,004006,-00001,000000,000000,0.0000,-0.0000,-0.0000,-0.0000
-00088,000165,004020,-00002,-00001,-00002,0.0000,-0.0000,-0.0000,-0.0000
-00071,000146,003991,-00001,000001,-00001,0.0000,-0.0000,-0.0000,-0.0000
-00067,000137,004024,-00002,-00002,-00002,0.0000,-0.0000,-0.0000,-0.0000
-00075,000134,004001,000000,000001,-00001,0.0000,-0.0000,-0.0000,-0.0000
-00094,000139,004013,-00001,-00001,000002,0.0000,-0.0000,-0.0000,-0.0000
-00095,000131,004019,-00001,-00003,000000,0.0000,-0.0000,-0.0000,-0.0000
-00125,000121,003993,000000,000001,-00001,0.0000,-0.0000,-0.0000,-0.0000
-00135,000154,004026,000003,-00001,-00002,0.0000,-0.0000,-0.0000,-0.0000
-00132,000132,003997,-00002,000001,-00003,0.0000,-0.0000,-0.0000,-0.0000
-00120,000142,004009,000002,000003,000000,0.0000,-0.0000,-0.0000,-0.0000
-00125,000155,003992,-00001,-00001,000000,0.0000,-0.0000,-0.0000,-0.0000
-00110,000163,004006,-00003,000000,000000,0.0000,-0.0000,-0.0000,-0.0000
-00101,000170,004005,000002,000000,-00002,0.0000,-0.0000,-0.0000,-0.0000
-00095,000162,003990,-00001,000000,000001,0.0000,-0.0000,-0.0000,-0.0000
-00079,000151,003995,000000,-00002,-00001,0.0000,-0.0000,-0.0000,-0.0000
-00092,000165,004013,-00001,000000,000001,0.0000,-0.0000,-0.0000,-0.0000
-00076,000151,004009,-00002,-00001,000001,0.0000,-0.0000,-0.0000,-0.0000
-00079,000153,004013,-00001,000001,000001,0.0000,-0.0000,-0.0000,-0.0000
-00070,000142,003986,-00001,000000,000001,0.0000,-0.0000,-0.0000,-0.0000
-00080,000154,004016,000002,000000,000001,0.0000,-0.0000,-0.0000,-0.0000
-00096,000132,004018,000000,000002,000000,0.0000,-0.0000,-0.0000,-0.0000
-00097,000143,004026,000001,-00001,000000,0.0000,-0.0000,-0.0000,-0.0000
-00095,000139,004002,000002,000003,-00002,0.0000,-0.0000,-0.0000,-0.0000
-00107,000114,003974,-00004,000003,000000,0.0000,-0.0000,-0.0000,-0.0000
-00106,000144,004021,-00001,-00001,000000,0.0000,-0.0000,-0.0000,-0.0000
-00107,000147,003987,-00001,-00002,000000,0.0000,-0.0000,-0.0000,-0.0000
-00128,000141,004007,000000,-00001,-00001,0.0000,-0.0000,-0.0000,-0.0000
-00113,000163,004006,-00003,000001,-00001,0.0000,-0.0000,-0.0000,-0.0000
-00095,000156,003997,000000,-00002,-00002,0.0000,-0.0000,-0.0000,-0.0000
-00107,000155,003987,000001,000003,-00001,0.0000,-0.0000,-0.0000,-0.0000
-00095,000176,004000,000002,-00002,-00003,0.0000,-0.0000,-0.0000,-0.0000
-00116,000165,004005,-00001,000000,000000,0.0000,-0.0000,-0.0000,-0.0000
-00118,000145,004013,000000,000004,000000,0.0000,-0.0000,-0.0000,-0.0000
-00106,000153,004000,-00001,-00002,000001,0.0000,-0.0000,-0.0000,-0.0000
-00110,000135,003997,000001,000001,000002,0.0000,-0.0000,-0.0000,-0.0000
-00104,000154,003993,-00001,-00001,-00001,0.0000,-0.0000,-0.0000,-0.0000
-00115,000145,004015,-00002,000000,-00001,0.0000,-0.0000,-0.0000,-0.0000
-00080,000148,003999,-00003,000001,000000,0.0000,-0.0000,-0.0000,-0.0000
-00077,000150,003998,-00003,000001,-00001,0.0000,-0.0000,-0.0000,-0.0000
-00071,000162,003976,-00003,000003,-00002,0.0000,-0.0000,-0.0000,-0.0000
-00091,000148,004003,000000,000000,-00001,0.0000,-0.0000,-0.0000,-0.0000
-00087,000174,003991,000002,000000,000000,0.0000,-0.0000,-0.0000,-0.0000
-00085,000162,004002,-00002,-00002,000000,0.0000,-0.0000,-0.0000,-0.0000
-00097,000152,004027,000002,000003,000000,0.0000,-0.0000,-0.0000,-0.0000
-00106,000144,004003,-00001,-00003,000002,0.0000,-0.0000,-0.0000,-0.0000
-00116,000141,004014,000001,-00002,000000,0.0000,-0.0000,-0.0000,-0.0000
-00120,000145,004010,000000,000001,000000,0.0000,-0.0000,-0.0000,-0.0000
-00109,000151,004019,000000,000000,-00001,0.0000,-0.0000,-0.0000,-0.0000
-00134,000141,004035,-00001,-00001,-00002,0.0000,-0.0000,-0.0000,-0.0000
-00111,000148,004012,000001,-00001,000002,0.0000,-0.0000,-0.0000,-0.0000
-00121,000145,003994,-00001,000000,000002,0.0000,-0.0000,-0.0000,-0.0000
-00093,000160,004005,-00003,000000,-00002,0.0000,-0.0000,-0.0000,-0.0000
-00095,000152,004001,-00003,000003,000003,0.0000,-0.0000,-0.0000,-0.0000
-00090,000145,004010,-00001,000000,-00001,0.0000,-0.0000,-0.0000,-0.0000
-00076,000135,004014,000001,000002,000001,0.0000,-0.0000,-0.0000,-0.0000
-00095,000146,004021,-00001,000000,-00002,0.0000,-0.0000,-0.0000,-0.0000
-00081,000152,004017,000000,000000,000001,0.0000,-0.0000,-0.0000,-0.0000
-00081,000159,004013,-00001,-00002,-00002,0.0000,-0.0000,-0.0000,-0.0000
-00083,000159,003978,000001,-00001,-00002,0.0000,-0.0000,-0.0000,-0.0000
-00087,000172,004024,-00002,000000,000000,0.0000,-0.0000,-0.0000,-0.0000
-00075,000172,003994,000000,000002,000004,0.0000,-0.0000,-0.0000,-0.0000
-00068,000154,004010,-00003,-00002,000002,0.0000,-0.0000,-0.0000,-0.0000
-00069,000167,004002,000003,000001,-00002,0.0000,-0.0000,-0.0000,-0.0000
-00101,000145,004016,-00003,-00002,000000,0.0000,-0.0000,-0.0000,-0.0000
-00100,000145,004011,-00001,-00003,-00003,0.0000,-0.0000,-0.0000,-0.0000
-00119,000139,003997,-00001,-00001,000001,0.0000,-0.0000,-0.0000,-0.0000
-00111,000150,004016,-00001,000000,000001,0.0000,-0.0000,-0.0000,-0.0000
-00130,000137,003992,000000,-00002,000001,0.0000,-0.0000,-0.0000,-0.0000
-00128,000127,003987,-00001,-00001,000001,0.0000,-0.0000,-0.0000,-0.0000
-00119,000153,004010,-00001,-00002,000001,0.0000,-0.0000,-0.0000,-0.0000
-00093,000165,004005,000001,-00001,000000,0.0000,-0.0000,-0.0000,-0.0000
-00079,000145,004000,000000,000000,000002,0.0000,-0.0000,-0.0000,-0.0000
-00079,000157,004014,000000,000000,-00002,0.0000,-0.0000,-0.0000,-0.0000
-00064,000151,003979,-00001,000001,000001,0.0000,-0.0000,-0.0000,-0.0000
-00085,000154,003989,000001,-00003,-00001,0.0000,-0.0000,-0.0000,-0.0000
-00084,000151,003999,-00003,-00001,000000,0.0000,-0.0000,-0.0000,-0.0000
-00088,000165,004019,-00002,000000,000002,0.0000,-0.0000,-0.0000,-0.0000
-00090,000148,003984,-00001,000001,-00001,0.0000,-0.0000,-0.0000,-0.0000
-00092,000159,004005,000001,-00001,000003,0.0000,-0.0000,-0.0000,-0.0000
-00080,000167,004020,-00004,000004,-00001,0.0000,-0.0000,-0.0000,-0.0000
-00080,000155,003994,000000,000000,000001,0.0000,-0.0000,-0.0000,-0.0000
-00067,000158,004018,000000,-00003,-00004,0.0000,-0.0000,-0.0000,-0.0000
-00081,000135,003974,000000,000001,000001,0.0000,-0.0000,-0.0000,-0.0000
-00099,000129,004006,000000,000001,-00001,0.0000,-0.0000,-0.0000,-0.0000
-00114,000140,004004,-00003,000000,-00002,0.0000,-0.0000,-0.0000,-0.0000
