-00106,000250,003968,000000,000000,000000,0.0000,-0.0000,-0.0000,-0.0000
-00091,000256,003948,000007,000003,000001,0.0000,-0.0000,-0.0000,-0.0000
-00095,000262,004000,000001,-00003,000001,0.0000,-0.0000,-0.0000,-0.0000
-00090,000249,003972,-00002,-00001,000000,0.0000,-0.0000,-0.0000,-0.0000
-00080,000249,003989,000000,-00002,-00002,0.0000,-0.0000,-0.0000,-0.0000
-00117,000259,003980,000001,-00003,-00002,0.0000,-0.0000,-0.0000,-0.0000
-00110,000257,003965,-00004,000004,000000,0.0000,-0.0000,-0.0000,-0.0000
-00097,000261,003973,000002,-00002,-00002,0.0000,-0.0000,-0.0000,-0.0000
-00105,000263,003987,-00004,000002,-00001,0.0000,-0.0000,-0.0000,-0.0000
-00109,000246,003967,000004,-00003,000000,0.0000,-0.0000,-0.0000,-0.0000
-00088,000264,004010,-00003,-00001,-00002,0.0000,-0.0000,-0.0000,-0.0000
-00088,000259,003950,-00004,000002,000000,0.0000,-0.0000,-0.0000,-0.0000
-00095,000267,004004,000001,000001,-00001,0.0000,-0.0000,-0.0000,-0.0000
-00090,000248,003957,-00003,-00001,-00003,0.0000,-0.0000,-0.0000,-0.0000
-00101,000241,003995,000002,000001,-00001,0.0000,-0.0000,-0.0000,-0.0000
-00092,000252,003979,000001,000001,-00001,0.0000,-0.0000,-0.0000,-0.0000
-00118,000257,003963,-00002,000004,-00003,0.0000,-0.0000,-0.0000,-0.0000
-00096,000268,003978,000000,-00002,-00004,0.0000,-0.0000,-0.0000,-0.0000
-00090,000245,004004,-00002,000003,-00002,0.0000,-0.0000,-0.0000,-0.0000
-00096,000284,003983,000002,000001,000001,0.0000,-0.0000,-0.0000,-0.0000
-00110,000254,003972,000003,-00001,-00001,0.0000,-0.0000,-0.0000,-0.0000
-00108,000254,003986,-00003,000004,-00004,0.0000,-0.0000,-0.0000,-0.0000
-00107,000270,003982,000000,-00002,-00001,0.0000,-0.0000,-0.0000,-0.0000
-00097,000262,003977,-00002,-00001,-00002,0.0000,-0.0000,-0.0000,-0.0000
-00082,000256,003967,000002,-00001,000000,0.0000,-0.0000,-0.0000,-0.0000
-00081,000258,003958,-00003,000001,-00002,0.0000,-0.0000,-0.0000,-0.0000
-00070,000247,003977,-00003,-00001,000001,0.0000,-0.0000,-0.0000,-0.0000
-00093,000265,003968,-00003,-00001,-00002,0.0000,-0.0000,-0.0000,-0.0000
-00101,000273,003996,-00002,000002,-00004,0.0000,-0.0000,-0.0000,-0.0000
-00094,000299,003996,000000,000003,000001,0.0000,-0.0000,-0.0000,-0.0000
-00098,000257,003967,-00001,-00001,000002,0.0000,-0.0000,-0.0000,-0.0000
-00084,000248,003962,000000,000004,000000,0.0000,-0.0000,-0.0000,-0.0000
-00087,000269,003985,000001,000002,-00002,0.0000,-0.0000,-0.0000,-0.0000
-00089,000257,004000,000000,000002,-00001,0.0000,-0.0000,-0.0000,-0.0000
-00099,000254,003962,-00004,-00001,000000,0.0000,-0.0000,-0.0000,-0.0000
-00106,000252,003993,000001,000001,-00002,0.0000,-0.0000,-0.0000,-0.0000
-00112,000244,003991,-00001,000002,-00001,0.0000,-0.0000,-0.0000,-0.0000
-00091,000260,003965,-00002,000003,-00004,0.0000,-0.0000,-0.0000,-0.0000
-00110,000253,003991,000002,-00003,-00002,0.0000,-0.0000,-0.0000,-0.0000
-00088,000261,003976,-00002,000002,-00001,0.0000,-0.0000,-0.0000,-0.0000
-00109,000254,004001,000000,-00003,-00001,0.0000,-0.0000,-0.0000,-0.0000
-00085,000276,003966,-00003,-00001,-00001,0.0000,-0.0000,-0.0000,-0.0000
-00081,000268,003995,000001,-00001,000002,0.0000,-0.0000,-0.0000,-0.0000
-00077,000270,003992,-00001,000001,000001,0.0000,-0.0000,-0.0000,-0.0000
-00074,000282,003955,-00002,000001,000000,0.0000,-0.0000,-0.0000,-0.0000
-00080,000279,003952,-00002,-00001,000000,0.0000,-0.0000,-0.0000,-0.0000
-00088,000281,003971,000002,000003,000000,0.0000,-0.0000,-0.0000,-0.0000
-00100,000274,003981,000000,000004,000000,0.0000,-0.0000,-0.0000,-0.0000
-00094,000275,003966,-00001,000003,000000,0.0000,-0.0000,-0.0000,-0.0000
-00104,000266,003998,-00003,000002,-00001,0.0000,-0.0000,-0.0000,-0.0000
-00117,000252,003977,000001,000000,000000,0.0000,-0.0000,-0.0000,-0.0000
-00100,000248,003960,000000,000003,-00001,0.0000,-0.0000,-0.0000,-0.0000
-00085,000247,003990,000000,000001,000000,0.0000,-0.0000,-0.0000,-0.0000
-00092,000253,004001,-00002,-00001,000001,0.0000,-0.0000,-0.0000,-0.0000
-00095,000257,003999,-00004,000001,-00001,0.0000,-0.0000,-0.0000,-0.0000
-00090,000257,003993,000001,-00001,-00003,0.0000,-0.0000,-0.0000,-0.0000
-00079,000266,003973,-00001,-00001,-00002,0.0000,-0.0000,-0.0000,-0.0000
-00098,000247,004021,-00001,000000,-00004,0.0000,-0.0000,-0.0000,-0.0000
-00096,000247,003991,-00003,000002,-00002,0.0000,-0.0000,-0.0000,-0.0000
-00126,000255,003993,-00002,000000,000001,0.0000,-0.0000,-0.0000,-0.0000
-00104,000268,003993,-00005,000000,-00001,0.0000,-0.0000,-0.0000,-0.0000
-00103,000270,003974,000000,-00001,-00002,0.0000,-0.0000,-0.0000,-0.0000
-00106,000258,003983,000000,000000,-00001,0.0000,-0.0000,-0.0000,-0.0000
-00097,000269,003986,-00002,-00001,-00001,0.0000,-0.0000,-0.0000,-0.0000
-00106,000273,003975,-00002,-00001,000000,0.0000,-0.0000,-0.0000,-0.0000
-00094,000266,003999,000000,-00001,-00002,0.0000,-0.0000,-0.0000,-0.0000
-00098,000267,003987,-00001,000004,-00003,0.0000,-0.0000,-0.0000,-0.0000
-00077,000272,004003,-00001,-00001,-00001,0.0000,-0.0000,-0.0000,-0.0000
-00088,000273,003984,-00001,-00002,000000,0.0000,-0.0000,-0.0000,-0.0000
-00093,000276,004004,-00002,-00002,000000,0.0000,-0.0000,-0.0000,-0.0000
-00101,000279,003985,000000,000001,000001,0.0000,-0.0000,-0.0000,-0.0000
-00098,000254,004007,-00001,000005,000001,0.0000,-0.0000,-0.0000,-0.0000
-00089,000252,003995,-00001,-00002,-00001,0.0000,-0.0000,-0.0000,-0.0000
-00094,000267,004002,-00003,000003,-00002,0.0000,-0.0000,-0.0000,-0.0000
-00114,000276,003976,-00001,000001,000001,0.0000,-0.0000,-0.0000,-0.0000
-00100,000273,003991,-00003,000003,000002,0.0000,-0.0000,-0.0000,-0.0000
-00111,000242,003993,000000,000003,000001,0.0000,-0.0000,-0.0000,-0.0000
-00102,000256,003994,-00002,-00001,000000,0.0000,-0.0000,-0.0000,-0.0000
-00115,000253,003985,-00001,-00002,000001,0.0000,-0.0000,-0.0000,-0.0000
-00094,000255,004013,000000,-00002,-00002,0.0000,-0.0000,-0.0000,-0.0000
-00068,000273,003998,000001,-00001,000000,0.0000,-0.0000,-0.0000,-0.0000
-00099,000261,003989,000000,000002,-00004,0.0000,-0.0000,-0.0000,-0.0000
-00100,000271,004001,-00004,000000,-00003,0.0000,-0.0000,-0.0000,-0.0000
-00091,000273,003982,000001,-00001,-00001,0.0000,-0.0000,-0.0000,-0.0000
-00091,000262,003973,000000,000000,-00001,0.0000,-0.0000,-0.0000,-0.0000
-00095,000247,003974,-00001,-00001,000001,0.0000,-0.0000,-0.0000,-0.0000
-00107,000269,004018,000000,-00002,000000,0.0000,-0.0000,-0.0000,-0.0000
-00085,000284,003953,-00002,000001,-00002,0.0000,-0.0000,-0.0000,-0.0000
-00096,000268,004002,-00003,000001,-00001,0.0000,-0.0000,-0.0000,-0.0000
-00073,000277,004008,000000,-00003,000000,0.0000,-0.0000,-0.0000,-0.0000
-00098,000259,004004,000002,000001,-00002,0.0000,-0.0000,-0.0000,-0.0000
-00087,000255,003977,-00002,-00002,-00001,0.0000,-0.0000,-0.0000,-0.0000
-00094,000265,003960,000002,-00001,-00001,0.0000,-0.0000,-0.0000,-0.0000
-00099,000263,003977,000003,-00003,-00002,0.0000,-0.0000,-0.0000,-0.0000
-00102,000258,003992,-00001,-00003,-00003,0.0000,-0.0000,-0.0000,-0.0000
-00096,000282,003989,-00001,000001,000001,0.0000,-0.0000,-0.0000,-0.0000
-00095,000276,003987,000000,-00002,000001,0.0000,-0.0000,-0.0000,-0.0000
-00077,000279,003972,-00002,000002,000000,0.0000,-0.0000,-0.0000,-0.0000
-00096,000242,004005,000002,-00002,000003,0.0000,-0.0000,-0.0000,-0.0000
-00099,000256,003981,-00002,-00001,-00002,0.0000,-0.0000,-0.0000,-0.0000
-00105,000252,004002,-00003,000001,000002,0.0000,-0.0000,-0.0000,-0.0000
-00106,000264,004007,-00004,000001,-00001,0.0000,-0.0000,-0.0000,-0.0000
-00104,000254,004011,000001,-00002,000000,0.0000,-0.0000,-0.0000,-0.0000
-00112,000260,003970,000000,-00001,000003,0.0000,-0.0000,-0.0000,-0.0000
-00094,000266,003983,000000,000002,-00001,0.0000,-0.0000,-0.0000,-0.0000
-00102,000272,003997,000001,000000,-00003,0.0000,-0.0000,-0.0000,-0.0000
-00090,000258,003980,-00004,000001,-00005,0.0000,-0.0000,-0.0000,-0.0000
-00106,000263,003988,-00002,-00001,-00002,0.0000,-0.0000,-0.0000,-0.0000
-00094,000269,003990,000000,-00001,-00003,0.0000,-0.0000,-0.0000,-0.0000
-00093,000271,004006,000000,000001,000002,0.0000,-0.0000,-0.0000,-0.0000
-00086,000260,004011,-00003,000004,000001,0.0000,-0.0000,-0.0000,-0.0000
-00098,000265,003978,-00004,-00002,000000,0.0000,-0.0000,-0.0000,-0.0000
-00099,000267,003958,000000,000001,-00002,0.0000,-0.0000,-0.0000,-0.0000
-00076,000268,003962,000001,000001,-00001,0.0000,-0.0000,-0.0000,-0.0000
-00085,000269,004009,000001,000000,-00001,0.0000,-0.0000,-0.0000,-0.0000
-00097,000249,003994,-00001,000000,-00004,0.0000,-0.0000,-0.0000,-0.0000
-00097,000262,003974,-00002,000000,-00005,0.0000,-0.0000,-0.0000,-0.0000
-00112,000264,003998,000000,-00001,-00001,0.0000,-0.0000,-0.0000,-0.0000
-00095,000254,003988,-00001,000000,000001,0.0000,-0.0000,-0.0000,-0.0000
-00079,000262,003995,000001,-00003,-00001,0.0000,-0.0000,-0.0000,-0.0000
-00070,000261,003983,-00003,-00004,-00001,0.0000,-0.0000,-0.0000,-0.0000
-00102,000263,003982,-00002,000003,000000,0.0000,-0.0000,-0.0000,-0.0000
-00078,000262,003966,-00003,000001,-00002,0.0000,-0.0000,-0.0000,-0.0000
-00079,000262,003995,000000,000000,000001,0.0000,-0.0000,-0.0000,-0.0000
-00092,000256,004005,-00001,-00002,-00001,0.0000,-0.0000,-0.0000,-0.0000
-00104,000254,003972,000000,-00003,000002,0.0000,-0.0000,-0.0000,-0.0000
-00113,000285,003989,-00002,000001,000001,0.0000,-0.0000,-0.0000,-0.0000
-00111,000253,003972,-00001,000002,000000,0.0000,-0.0000,-0.0000,-0.0000
-00116,000267,003988,-00002,000001,000001,0.0000,-0.0000,-0.0000,-0.0000
-00105,000248,004014,-00001,000000,000000,0.0000,-0.0000,-0.0000,-0.0000
-00084,000262,004026,000000,-00002,000001,0.0000,-0.0000,-0.0000,-0.0000
-00093,000262,004001,000002,-00002,-00003,0.0000,-0.0000,-0.0000,-0.0000
-00090,000270,003978,000000,-00002,-00002,0.0000,-0.0000,-0.0000,-0.0000
-00108,000273,003991,-00002,000001,-00003,0.0000,-0.0000,-0.0000,-0.0000
-00093,000266,003968,000000,000001,000002,0.0000,-0.0000,-0.0000,-0.0000
-00104,000264,003986,-00002,000001,-00001,0.0000,-0.0000,-0.0000,-0.0000
-00089,000264,004028,000000,000002,-00003,0.0000,-0.0000,-0.0000,-0.0000
-00096,000278,003978,-00001,000000,000000,0.0000,-0.0000,-0.0000,-0.0000
-00097,000251,003981,-00001,000001,000000,0.0000,-0.0000,-0.0000,-0.0000
-00102,000268,003977,000000,000002,-00002,0.0000,-0.0000,-0.0000,-0.0000
-00092,000260,003985,000001,000000,-00001,0.0000,-0.0000,-0.0000,-0.0000
-00096,000270,004000,000000,-00002,000000,0.0000,-0.0000,-0.0000,-0.0000
-00111,000267,003990,-00001,000000,000000,0.0000,-0.0000,-0.0000,-0.0000
-00083,000261,004000,-00001,-00002,000001,0.0000,-0.0000,-0.0000,-0.0000
-00106,000271,003977,000000,000001,000000,0.0000,-0.0000,-0.0000,-0.0000
-00113,000253,004015,000001,000004,-00001,0.0000,-0.0000,-0.0000,-0.0000
-00093,000248,003988,000001,-00001,000000,0.0000,-0.0000,-0.0000,-0.0000
-00105,000252,003994,000000,-00002,-00001,0.0000,-0.0000,-0.0000,-0.0000
-00083,000262,003993,-00001,000003,000001,0.0000,-0.0000,-0.0000,-0.0000
-00097,000255,003984,000000,000002,000001,0.0000,-0.0000,-0.0000,-0.0000
-00100,000268,003988,-00002,-00005,-00001,0.0000,-0.0000,-0.0000,-0.0000
-00095,000251,003976,-00001,000001,000001,0.0000,-0.0000,-0.0000,-0.0000
-00092,000267,003981,000000,000002,000000,0.0000,-0.0000,-0.0000,-0.0000
-00092,000256,003974,000000,-00002,000000,0.0000,-0.0000,-0.0000,-0.0000
-00111,000253,003981,-00001,-00001,-00001,0.0000,-0.0000,-0.0000,-0.0000
-00094,000277,003983,-00001,-00002,000002,0.0000,-0.0000,-0.0000,-0.0000
-00094,000256,003994,-00002,000002,000002,0.0000,-0.0000,-0.0000,-0.0000
-00074,000250,003998,000002,000001,-00003,0.0000,-0.0000,-0.0000,-0.0000
-00090,000246,003993,000000,000004,-00002,0.0000,-0.0000,-0.0000,-0.0000
-00077,000242,004013,-00001,000007,-00002,0.0000,-0.0000,-0.0000,-0.0000
-00101,000270,003988,-00011,000022,-00001,0.0000,-0.0000,-0.0000,-0.0000
-00099,000249,003980,-00014,000018,-00001,0.0000,-0.0000,-0.0000,-0.0000
-00088,000266,003993,-00047,000086,-00002,0.0000,-0.0000,-0.0000,-0.0000
-00105,000248,004003,-00099,000181,000000,0.0000,-0.0000,-0.0000,-0.0000
-00138,000260,003973,-00108,000187,000001,0.0000,-0.0000,-0.0000,-0.0000
-00142,000228,003928,-00058,000082,-00001,0.0000,-0.0000,-0.0000,-0.0000
-00143,000239,003992,000014,-00029,000001,0.0000,-0.0000,-0.0000,-0.0000
-00126,000249,003985,000033,-00081,000001,0.0000,-0.0000,-0.0000,-0.0000
-00136,000254,004012,000036,-00078,-00001,0.0000,-0.0000,-0.0000,-0.0000
-00117,000261,004013,000043,-00083,000004,0.0000,-0.0000,-0.0000,-0.0000
-00110,000252,004021,000006,-00015,000000,0.0000,-0.0000,-0.0000,-0.0000
-00113,000256,003984,-00026,000043,-00002,0.0000,-0.0000,-0.0000,-0.0000
-00129,000251,004002,-00019,000043,-00001,0.0000,-0.0000,-0.0000,-0.0000
-00107,000250,004016,-00033,000068,-00001,0.0000,-0.0000,-0.0000,-0.0000
-00142,000231,003888,-00016,000009,-00002,0.0000,-0.0000,-0.0000,-0.0000
-00097,000244,003987,000113,-00193,000000,0.0000,-0.0000,-0.0000,-0.0000
-00051,000246,003965,000115,-00171,-00008,0.0000,-0.0000,-0.0000,-0.0000
-00048,000293,004036,000076,-00118,-00030,0.0000,-0.0000,-0.0000,-0.0000
-00071,000290,004018,000004,-00010,-00096,0.0000,-0.0000,-0.0000,-0.0000
-00117,000242,003983,000017,-00032,-00117,0.0000,-0.0000,-0.0000,-0.0000
-00107,000214,004027,000009,-00014,-00046,0.0000,-0.0000,-0.0000,-0.0000
-00101,000271,003977,-00012,000020,-00004,0.0000,-0.0000,-0.0000,-0.0000
-00086,000277,003999,000014,-00019,-00002,0.0000,-0.0000,-0.0000,-0.0000
-00088,000275,004006,-00013,000020,-00023,0.0000,-0.0000,-0.0000,-0.0000
-00264,000201,003977,000009,-00007,-00057,0.0000,-0.0000,-0.0000,-0.0000
-00335,000317,004009,000002,-00022,-00291,0.0000,-0.0000,-0.0000,-0.0000
-00336,000406,003966,-00038,000026,-00271,0.0000,-0.0000,-0.0000,-0.0000
-00099,000441,003945,-00032,000049,-00183,0.0000,-0.0000,-0.0000,-0.0000
000348,000315,003984,-00045,000081,-00162,0.0000,-0.0000,-0.0000,-0.0000
000218,000339,004156,-00115,000210,-00105,0.0000,-0.0000,-0.0000,-0.0000
000077,000378,004092,-00210,000330,000015,0.0000,-0.0000,-0.0000,-0.0000
-00119,000323,004138,-00262,000473,000146,0.0000,-0.0000,-0.0000,-0.0000
-00325,000276,004093,-00426,000526,000210,0.0000,-0.0000,-0.0000,-0.0000
-00412,000082,004327,-00661,000439,000227,0.0000,-0.0000,-0.0000,-0.0000
-00185,-00033,004278,-00696,000307,000082,0.0000,-0.0000,-0.0000,-0.0000
-00119,-00004,004358,-00621,000255,000022,0.0000,-0.0000,-0.0000,-0.0000
-00252,000087,004305,-00496,000170,-00035,0.0000,-0.0000,-0.0000,-0.0000
-00246,-00005,004337,-00421,000048,-00252,0.0000,-0.0000,-0.0000,-0.0000
-00010,000136,004302,-00159,-00086,-00575,0.0000,-0.0000,-0.0000,-0.0000
000016,000053,004205,-00010,-00129,-00580,0.0000,-0.0000,-0.0000,-0.0000
-00128,000117,004099,-00014,-00071,-00346,0.0000,-0.0000,-0.0000,-0.0000
-00288,000099,004114,000005,000083,-00063,0.0000,-0.0000,-0.0000,-0.0000
-00444,000284,004107,-00026,-00003,-00072,0.0000,-0.0000,-0.0000,-0.0000
-00363,000381,004065,-00001,-00032,-00117,0.0000,-0.0000,-0.0000,-0.0000
-00092,000468,003962,000000,000065,-00130,0.0000,-0.0000,-0.0000,-0.0000
-00236,000283,004104,000189,-00017,-00151,0.0000,-0.0000,-0.0000,-0.0000
-00253,000284,004213,000305,-00100,-00222,0.0000,-0.0000,-0.0000,-0.0000
-00313,000161,004297,000333,-00068,-00224,0.0000,-0.0000,-0.0000,-0.0000
-00368,000141,004360,000342,000017,-00118,0.0000,-0.0000,-0.0000,-0.0000
-00390,000247,004330,000279,000105,000014,0.0000,-0.0000,-0.0000,-0.0000
-00226,000261,004381,000347,000140,000007,0.0000,-0.0000,-0.0000,-0.0000
-00287,000243,004348,000340,000141,-00008,0.0000,-0.0000,-0.0000,-0.0000
-00359,000214,004369,000342,000108,000025,0.0000,-0.0000,-0.0000,-0.0000
-00441,000169,004327,000352,000144,000099,0.0000,-0.0000,-0.0000,-0.0000
-00596,000163,004440,000304,000097,000090,0.0000,-0.0000,-0.0000,-0.0000
-00337,000268,004348,000275,000079,000057,0.0000,-0.0000,-0.0000,-0.0000
-00261,000180,004338,000293,000078,000053,0.0000,-0.0000,-0.0000,-0.0000
-00238,000164,004326,000307,000058,000037,0.0000,-0.0000,-0.0000,-0.0000
-00237,000206,004386,000289,000091,000045,0.0000,-0.0000,-0.0000,-0.0000
-00375,000294,004422,000303,000142,000081,0.0000,-0.0000,-0.0000,-0.0000
-00368,000372,004475,000328,000260,000105,0.0000,-0.0000,-0.0000,-0.0000
-00475,000313,004340,000388,000302,000023,0.0000,-0.0000,-0.0000,-0.0000
-00503,000321,004366,000413,000182,-00184,0.0000,-0.0000,-0.0000,-0.0000
-00450,000295,004369,000386,000108,-00287,0.0000,-0.0000,-0.0000,-0.0000
-00468,000241,004307,000306,000122,-00290,0.0000,-0.0000,-0.0000,-0.0000
-00558,000310,004410,000201,000198,-00196,0.0000,-0.0000,-0.0000,-0.0000
-00553,000230,004457,000132,000254,-00137,0.0000,-0.0000,-0.0000,-0.0000
-00584,000240,004419,000093,000304,-00133,0.0000,-0.0000,-0.0000,-0.0000
-00549,000284,004349,000036,000340,-00091,0.0000,-0.0000,-0.0000,-0.0000
-00453,000408,004252,000012,000361,-00045,0.0000,-0.0000,-0.0000,-0.0000
-00450,000414,004119,000024,000335,000010,0.0000,-0.0000,-0.0000,-0.0000
-00732,000293,004046,000029,000329,000048,0.0000,-0.0000,-0.0000,-0.0000
-00749,000419,004171,-00005,000247,-00104,0.0000,-0.0000,-0.0000,-0.0000
-00554,000491,004050,-00026,000171,-00279,0.0000,-0.0000,-0.0000,-0.0000
-00583,000446,003945,-00020,000205,-00316,0.0000,-0.0000,-0.0000,-0.0000
-00500,000471,003865,000002,000263,-00257,0.0000,-0.0000,-0.0000,-0.0000
-00503,000416,003897,000027,000367,-00169,0.0000,-0.0000,-0.0000,-0.0000
-00435,000331,003890,000033,000344,-00157,0.0000,-0.0000,-0.0000,-0.0000
-00262,000306,003835,000049,000286,-00187,0.0000,-0.0000,-0.0000,-0.0000
-00348,000205,003870,000019,000240,-00155,0.0000,-0.0000,-0.0000,-0.0000
-00474,000136,003851,-00062,000149,-00130,0.0000,-0.0000,-0.0000,-0.0000
-00517,000191,003850,-00141,000081,-00183,0.0000,-0.0000,-0.0000,-0.0000
-00567,000284,003792,-00192,000049,-00266,0.0000,-0.0000,-0.0000,-0.0000
-00490,000386,003708,-00206,000010,-00324,0.0000,-0.0000,-0.0000,-0.0000
-00534,000357,003656,-00171,000025,-00346,0.0000,-0.0000,-0.0000,-0.0000
-00600,000249,003659,-00144,000073,-00269,0.0000,-0.0000,-0.0000,-0.0000
-00524,000265,003594,-00113,000199,-00125,0.0000,-0.0000,-0.0000,-0.0000
-00416,000250,003605,-00077,000284,000003,0.0000,-0.0000,-0.0000,-0.0000
-00293,000307,003541,-00041,000313,000033,0.0000,-0.0000,-0.0000,-0.0000
-00341,000333,003580,-00007,000272,-00043,0.0000,-0.0000,-0.0000,-0.0000
-00370,000252,003637,-00014,000180,-00119,0.0000,-0.0000,-0.0000,-0.0000
-00463,000178,003745,-00037,000096,-00245,0.0000,-0.0000,-0.0000,-0.0000
-00601,000223,003785,-00038,-00019,-00412,0.0000,-0.0000,-0.0000,-0.0000
-00685,000264,003716,-00085,-00043,-00478,0.0000,-0.0000,-0.0000,-0.0000
-00715,000339,003705,-00118,000022,-00446,0.0000,-0.0000,-0.0000,-0.0000
-00692,000363,003664,-00089,000127,-00354,0.0000,-0.0000,-0.0000,-0.0000
-00729,000443,003747,-00012,000205,-00177,0.0000,-0.0000,-0.0000,-0.0000
-00653,000451,003788,000035,000272,000010,0.0000,-0.0000,-0.0000,-0.0000
-00534,000449,003866,000148,000288,000097,0.0000,-0.0000,-0.0000,-0.0000
-00554,000410,003979,000243,000274,000131,0.0000,-0.0000,-0.0000,-0.0000
-00593,000298,004094,000267,000317,000192,0.0000,-0.0000,-0.0000,-0.0000
-00653,000234,004166,000199,000366,000185,0.0000,-0.0000,-0.0000,-0.0000
-00752,000173,004268,000084,000334,000098,0.0000,-0.0000,-0.0000,-0.0000
-00791,000257,004306,-00046,000267,-00020,0.0000,-0.0000,-0.0000,-0.0000
-00916,000172,004297,-00175,000171,-00145,0.0000,-0.0000,-0.0000,-0.0000
-00858,000228,004290,-00260,000122,-00236,0.0000,-0.0000,-0.0000,-0.0000
-00852,000273,004244,-00256,000146,-00249,0.0000,-0.0000,-0.0000,-0.0000
-00927,000309,004095,-00211,000219,-00205,0.0000,-0.0000,-0.0000,-0.0000
-00950,000318,004038,-00184,000301,-00120,0.0000,-0.0000,-0.0000,-0.0000
-00810,000414,003915,-00177,000343,-00030,0.0000,-0.0000,-0.0000,-0.0000
-00710,000359,003753,-00163,000355,000006,0.0000,-0.0000,-0.0000,-0.0000
-00685,000276,003682,-00121,000336,-00005,0.0000,-0.0000,-0.0000,-0.0000
-00790,000165,003611,-00103,000316,-00019,0.0000,-0.0000,-0.0000,-0.0000
-00953,000114,003591,-00138,000296,-00049,0.0000,-0.0000,-0.0000,-0.0000
-01040,000069,003541,-00196,000203,-00132,0.0000,-0.0000,-0.0000,-0.0000
-00927,000051,003330,-00290,000137,-00218,0.0000,-0.0000,-0.0000,-0.0000
-00966,000066,003220,-00364,000102,-00213,0.0000,-0.0000,-0.0000,-0.0000
-00930,000178,002955,-00392,000114,-00192,0.0000,-0.0000,-0.0000,-0.0000
-00882,000304,002737,-00363,000111,-00150,0.0000,-0.0000,-0.0000,-0.0000
-00698,000192,002504,-00248,000109,-00094,0.0000,-0.0000,-0.0000,-0.0000
-00520,000151,002405,-00110,000112,-00016,0.0000,-0.0000,-0.0000,-0.0000
-00563,000157,002393,000002,000048,-00011,0.0000,-0.0000,-0.0000,-0.0000
-00700,000160,002482,000051,000007,-00052,0.0000,-0.0000,-0.0000,-0.0000
-00723,000097,002604,000125,-00011,-00086,0.0000,-0.0000,-0.0000,-0.0000
-00689,-00015,002725,000152,-00033,-00017,0.0000,-0.0000,-0.0000,-0.0000
-00592,-00042,002793,000135,-00095,000026,0.0000,-0.0000,-0.0000,-0.0000
-00501,-00001,002925,000172,-00163,000031,0.0000,-0.0000,-0.0000,-0.0000
-00557,000075,003140,000231,-00158,000089,0.0000,-0.0000,-0.0000,-0.0000
-00659,000000,003391,000270,-00142,000145,0.0000,-0.0000,-0.0000,-0.0000
-00684,-00046,003529,000225,-00139,000154,0.0000,-0.0000,-0.0000,-0.0000
-00777,-00171,003696,000189,-00165,000124,0.0000,-0.0000,-0.0000,-0.0000
-00878,-00160,003761,000094,-00223,000083,0.0000,-0.0000,-0.0000,-0.0000
-00844,-00025,003733,-00045,-00251,000055,0.0000,-0.0000,-0.0000,-0.0000
-00810,000056,003727,-00159,-00230,000038,0.0000,-0.0000,-0.0000,-0.0000
-00854,000085,003670,-00215,-00215,000013,0.0000,-0.0000,-0.0000,-0.0000
-00800,000098,003562,-00245,-00254,-00007,0.0000,-0.0000,-0.0000,-0.0000
-00727,000150,003440,-00224,-00279,-00008,0.0000,-0.0000,-0.0000,-0.0000
-00717,000194,003334,-00174,-00280,000026,0.0000,-0.0000,-0.0000,-0.0000
-00748,000150,003279,-00121,-00296,000060,0.0000,-0.0000,-0.0000,-0.0000
-00681,000119,003283,-00062,-00333,000060,0.0000,-0.0000,-0.0000,-0.0000
-00693,000143,003290,-00028,-00385,000032,0.0000,-0.0000,-0.0000,-0.0000
-00770,000292,003299,000014,-00414,-00031,0.0000,-0.0000,-0.0000,-0.0000
-00751,000280,003335,000072,-00372,-00026,0.0000,-0.0000,-0.0000,-0.0000
-00738,000165,003450,000106,-00322,000040,0.0000,-0.0000,-0.0000,-0.0000
-00780,-00052,003564,000140,-00308,000080,0.0000,-0.0000,-0.0000,-0.0000
-00701,-00133,003577,000143,-00368,000060,0.0000,-0.0000,-0.0000,-0.0000
-00535,000077,003502,000135,-00413,000043,0.0000,-0.0000,-0.0000,-0.0000
-00561,000126,003546,000128,-00398,000050,0.0000,-0.0000,-0.0000,-0.0000
-00711,000207,003657,000130,-00364,000046,0.0000,-0.0000,-0.0000,-0.0000
-00657,000195,003629,000163,-00371,000009,0.0000,-0.0000,-0.0000,-0.0000
-00540,000211,003672,000225,-00408,000002,0.0000,-0.0000,-0.0000,-0.0000
-00504,000205,003773,000261,-00466,-00005,0.0000,-0.0000,-0.0000,-0.0000
-00675,000206,003910,000285,-00449,-00015,0.0000,-0.0000,-0.0000,-0.0000
-00771,000071,004040,000254,-00395,-00026,0.0000,-0.0000,-0.0000,-0.0000
-00664,-00007,004126,000150,-00403,-00093,0.0000,-0.0000,-0.0000,-0.0000
-00403,000177,004075,000093,-00448,-00144,0.0000,-0.0000,-0.0000,-0.0000
-00214,000339,004047,000113,-00459,-00147,0.0000,-0.0000,-0.0000,-0.0000
-00421,000302,004263,000173,-00332,-00075,0.0000,-0.0000,-0.0000,-0.0000
-00758,000109,004486,000179,-00182,000002,0.0000,-0.0000,-0.0000,-0.0000
-00737,-00063,004643,000089,-00050,000056,0.0000,-0.0000,-0.0000,-0.0000
-00650,000071,004596,-00046,-00129,000003,0.0000,-0.0000,-0.0000,-0.0000
-00340,000233,004310,-00142,-00288,-00087,0.0000,-0.0000,-0.0000,-0.0000
-00341,000363,004159,-00165,-00318,-00140,0.0000,-0.0000,-0.0000,-0.0000
-00534,000346,004097,-00164,-00277,-00102,0.0000,-0.0000,-0.0000,-0.0000
-00368,000400,004073,-00142,-00230,000004,0.0000,-0.0000,-0.0000,-0.0000
-00190,000641,004079,-00054,-00193,000075,0.0000,-0.0000,-0.0000,-0.0000
-00189,000607,004183,000049,-00149,000128,0.0000,-0.0000,-0.0000,-0.0000
-00367,000406,004392,000130,-00103,000193,0.0000,-0.0000,-0.0000,-0.0000
-00453,000171,004531,000170,-00089,000201,0.0000,-0.0000,-0.0000,-0.0000
-00429,000253,004543,000146,-00149,000156,0.0000,-0.0000,-0.0000,-0.0000
-00433,000375,004644,000085,-00130,000108,0.0000,-0.0000,-0.0000,-0.0000
-00511,000364,004722,000034,-00052,000036,0.0000,-0.0000,-0.0000,-0.0000
-00438,000331,004688,-00003,-00035,-00079,0.0000,-0.0000,-0.0000,-0.0000
-00481,000204,004648,-00030,-00090,-00113,0.0000,-0.0000,-0.0000,-0.0000
-00394,000285,004568,-00061,-00158,-00088,0.0000,-0.0000,-0.0000,-0.0000
-00418,000364,004456,-00040,-00144,-00036,0.0000,-0.0000,-0.0000,-0.0000
-00587,000338,004542,-00051,-00056,000042,0.0000,-0.0000,-0.0000,-0.0000
-00657,000360,004550,-00065,000015,000114,0.0000,-0.0000,-0.0000,-0.0000
-00604,000347,004466,-00075,000058,000111,0.0000,-0.0000,-0.0000,-0.0000
-00459,000373,004330,-00099,000058,000122,0.0000,-0.0000,-0.0000,-0.0000
-00300,000414,004165,-00112,000019,000155,0.0000,-0.0000,-0.0000,-0.0000
-00223,000521,003982,-00084,-00032,000152,0.0000,-0.0000,-0.0000,-0.0000
-00205,000512,003965,-00075,-00083,000119,0.0000,-0.0000,-0.0000,-0.0000
-00286,000483,003949,-00058,-00114,000114,0.0000,-0.0000,-0.0000,-0.0000
-00227,000509,004076,-00025,-00107,000102,0.0000,-0.0000,-0.0000,-0.0000
-00284,000534,004074,000058,-00103,000085,0.0000,-0.0000,-0.0000,-0.0000
-00364,000491,004130,000120,-00081,000110,0.0000,-0.0000,-0.0000,-0.0000
-00565,000286,004335,000133,000008,000189,0.0000,-0.0000,-0.0000,-0.0000
-00630,000190,004404,000102,000034,000209,0.0000,-0.0000,-0.0000,-0.0000
-00439,000264,004256,000048,000009,000122,0.0000,-0.0000,-0.0000,-0.0000
-00265,000314,004110,000010,-00013,000035,0.0000,-0.0000,-0.0000,-0.0000
-00183,000359,004042,-00048,-00041,000000,0.0000,-0.0000,-0.0000,-0.0000
-00309,000330,004113,-00094,-00026,-00009,0.0000,-0.0000,-0.0000,-0.0000
-00385,000332,004057,-00124,000012,000028,0.0000,-0.0000,-0.0000,-0.0000
-00262,000337,003983,-00132,000063,000115,0.0000,-0.0000,-0.0000,-0.0000
-00136,000271,003988,-00141,000092,000195,0.0000,-0.0000,-0.0000,-0.0000
-00074,000257,004001,-00142,000051,000240,0.0000,-0.0000,-0.0000,-0.0000
-00175,000250,004107,-00120,000103,000319,0.0000,-0.0000,-0.0000,-0.0000
-00341,000044,004293,-00131,000172,000390,0.0000,-0.0000,-0.0000,-0.0000
-00341,-00092,004388,-00167,000195,000397,0.0000,-0.0000,-0.0000,-0.0000
-00234,-00088,004330,-00203,000133,000324,0.0000,-0.0000,-0.0000,-0.0000
-00067,000167,004345,-00191,000004,000113,0.0000,-0.0000,-0.0000,-0.0000
-00176,000317,004109,-00222,-00027,-00088,0.0000,-0.0000,-0.0000,-0.0000
-00236,000318,004108,-00148,-00054,-00124,0.0000,-0.0000,-0.0000,-0.0000
-00324,000310,003949,-00055,-00025,000018,0.0000,-0.0000,-0.0000,-0.0000
-00204,000400,003999,-00100,-00032,000055,0.0000,-0.0000,-0.0000,-0.0000
-00220,000406,004060,-00006,-00059,-00017,0.0000,-0.0000,-0.0000,-0.0000
-00346,000314,004131,000033,-00061,-00012,0.0000,-0.0000,-0.0000,-0.0000
-00623,000271,004260,000051,-00009,000058,0.0000,-0.0000,-0.0000,-0.0000
-00612,000260,004279,000025,000041,000089,0.0000,-0.0000,-0.0000,-0.0000
-00584,000308,004244,000008,000086,000053,0.0000,-0.0000,-0.0000,-0.0000
-00378,000310,004155,-00007,000071,000024,0.0000,-0.0000,-0.0000,-0.0000
-00415,000257,004152,-00025,000069,000047,0.0000,-0.0000,-0.0000,-0.0000
-00435,000314,004183,-00030,000060,000073,0.0000,-0.0000,-0.0000,-0.0000
-00418,000237,004188,-00028,000063,000060,0.0000,-0.0000,-0.0000,-0.0000
-00364,000127,004134,-00053,000038,000056,0.0000,-0.0000,-0.0000,-0.0000
-00198,000155,004022,-00088,-00021,000042,0.0000,-0.0000,-0.0000,-0.0000
-00109,000194,003936,-00085,-00050,000013,0.0000,-0.0000,-0.0000,-0.0000
-00121,000159,003841,-00072,-00090,-00009,0.0000,-0.0000,-0.0000,-0.0000
-00077,000139,003793,-00056,-00127,000024,0.0000,-0.0000,-0.0000,-0.0000
-00122,000161,003784,-00019,-00160,000043,0.0000,-0.0000,-0.0000,-0.0000
-00101,000177,003761,000033,-00230,000027,0.0000,-0.0000,-0.0000,-0.0000
-00069,000215,003759,000085,-00258,000017,0.0000,-0.0000,-0.0000,-0.0000
-00097,000215,003813,000125,-00265,000017,0.0000,-0.0000,-0.0000,-0.0000
-00103,000175,003824,000147,-00269,000048,0.0000,-0.0000,-0.0000,-0.0000
-00125,000227,003770,000183,-00216,000084,0.0000,-0.0000,-0.0000,-0.0000
-00126,000343,003855,000201,-00149,000129,0.0000,-0.0000,-0.0000,-0.0000
-00124,000319,003896,000210,-00127,000152,0.0000,-0.0000,-0.0000,-0.0000
-00259,000302,003966,000232,-00098,000140,0.0000,-0.0000,-0.0000,-0.0000
-00968,-00219,005940,-00603,000115,-00247,0.0000,-0.0000,-0.0000,-0.0000
-00204,-00117,002975,000008,000143,-00088,0.0000,-0.0000,-0.0000,-0.0000
000031,000501,004061,000073,-00143,000026,0.0000,-0.0000,-0.0000,-0.0000
-00217,000433,003929,-00043,-00139,-00005,0.0000,-0.0000,-0.0000,-0.0000
-00284,000235,003982,000031,-00153,-00086,0.0000,-0.0000,-0.0000,-0.0000
-00097,000173,003993,000031,-00155,-00089,0.0000,-0.0000,-0.0000,-0.0000
000021,000243,003847,-00020,-00205,-00047,0.0000,-0.0000,-0.0000,-0.0000
-00030,000290,004014,-00076,-00243,-00108,0.0000,-0.0000,-0.0000,-0.0000
-00069,000264,004008,-00090,-00249,-00123,0.0000,-0.0000,-0.0000,-0.0000
-00106,000161,003980,-00140,-00238,-00078,0.0000,-0.0000,-0.0000,-0.0000
-00083,000146,003970,-00227,-00233,-00010,0.0000,-0.0000,-0.0000,-0.0000
000090,000351,003995,-00005,-00171,-00032,0.0000,-0.0000,-0.0000,-0.0000
-00040,000156,003980,-00005,000001,000013,0.0000,-0.0000,-0.0000,-0.0000
-00049,000196,003994,-00002,-00008,000054,0.0000,-0.0000,-0.0000,-0.0000
-00108,000173,003980,-00001,-00017,-00006,0.0000,-0.0000,-0.0000,-0.0000
-00121,000160,003978,-00005,-00013,-00048,0.0000,-0.0000,-0.0000,-0.0000
-00101,000170,003999,-00003,-00010,-00058,0.0000,-0.0000,-0.0000,-0.0000
-00091,000148,004013,-00003,-00009,-00080,0.0000,-0.0000,-0.0000,-0.0000
-00076,000163,003997,000001,000000,000000,0.0000,-0.0000,-0.0000,-0.0000
-00144,000184,003981,-00003,000002,-00009,0.0000,-0.0000,-0.0000,-0.0000
-00318,000145,004002,-00001,-00009,-00193,0.0000,-0.0000,-0.0000,-0.0000
-00203,000068,003975,-00002,-00010,-00237,0.0000,-0.0000,-0.0000,-0.0000
-00214,-00020,003983,-00003,000017,-00123,0.0000,-0.0000,-0.0000,-0.0000
000173,000044,004022,-00002,000001,000040,0.0000,-0.0000,-0.0000,-0.0000
000055,000174,004165,-00105,000091,-00057,0.0000,-0.0000,-0.0000,-0.0000
-00549,000597,004138,-00315,000410,-00219,0.0000,-0.0000,-0.0000,-0.0000
000622,000654,003917,-00436,-00084,-00221,0.0000,-0.0000,-0.0000,-0.0000
-00110,000123,003841,-00145,000008,-00444,0.0000,-0.0000,-0.0000,-0.0000
-00164,000175,003954,-00087,-00004,-00581,0.0000,-0.0000,-0.0000,-0.0000
000064,-00044,004012,-00038,000005,-00299,0.0000,-0.0000,-0.0000,-0.0000
-00082,000144,004034,000010,-00009,000025,0.0000,-0.0000,-0.0000,-0.0000
-00142,000089,003987,-00002,000001,000000,0.0000,-0.0000,-0.0000,-0.0000
-00100,000107,003993,-00002,000002,-00004,0.0000,-0.0000,-0.0000,-0.0000
-00124,000106,004009,000001,-00003,-00005,0.0000,-0.0000,-0.0000,-0.0000
-00105,000085,003985,-00003,000003,-00002,0.0000,-0.0000,-0.0000,-0.0000
-00104,000080,004034,000002,-00004,-00001,0.0000,-0.0000,-0.0000,-0.0000
-00106,000086,003999,-00003,000002,000001,0.0000,-0.0000,-0.0000,-0.0000
-00105,000099,004022,-00001,000003,-00001,0.0000,-0.0000,-0.0000,-0.0000
-00105,000104,003994,-00003,-00001,-00001,0.0000,-0.0000,-0.0000,-0.0000
-00104,000099,003982,-00001,-00002,000001,0.0000,-0.0000,-0.0000,-0.0000
-00109,000095,003998,-00002,-00002,-00005,0.0000,-0.0000,-0.0000,-0.0000
-00111,000092,003999,000000,000001,-00001,0.0000,-0.0000,-0.0000,-0.0000
-00119,000092,003997,000000,000001,000000,0.0000,-0.0000,-0.0000,-0.0000
-00117,000069,003987,000000,000000,-00001,0.0000,-0.0000,-0.0000,-0.0000
-00097,000074,003999,000000,000000,-00001,0.0000,-0.0000,-0.0000,-0.0000
-00113,000106,003989,-00003,000001,-00001,0.0000,-0.0000,-0.0000,-0.0000
-00096,000077,003989,-00001,000002,000002,0.0000,-0.0000,-0.0000,-0.0000
-00110,000097,003980,000001,000001,-00001,0.0000,-0.0000,-0.0000,-0.0000
-00095,000098,004000,000000,000000,000000,0.0000,-0.0000,-0.0000,-0.0000
-00120,000088,004009,-00004,000002,000003,0.0000,-0.0000,-0.0000,-0.0000
-00101,000093,003994,000000,000000,-00001,0.0000,-0.0000,-0.0000,-0.0000
-00111,000072,003985,-00001,000000,-00003,0.0000,-0.0000,-0.0000,-0.0000
-00107,000094,003993,000000,-00004,-00001,0.0000,-0.0000,-0.0000,-0.0000
-00112,000087,004019,-00001,000002,000002,0.0000,-0.0000,-0.0000,-0.0000
-00103,000109,004004,-00001,000001,000000,0.0000,-0.0000,-0.0000,-0.0000
-00112,000088,004003,-00001,-00001,000004,0.0000,-0.0000,-0.0000,-0.0000
-00117,000097,003981,-00002,-00002,000002,0.0000,-0.0000,-0.0000,-0.0000
-00113,000095,004016,-00002,-00001,000003,0.0000,-0.0000,-0.0000,-0.0000
-00104,000099,003987,-00001,-00002,000001,0.0000,-0.0000,-0.0000,-0.0000
-00111,000109,003979,-00001,-00002,000003,0.0000,-0.0000,-0.0000,-0.0000
-00099,000111,003996,000000,-00001,000001,0.0000,-0.0000,-0.0000,-0.0000
-00105,000096,003997,-00002,000000,000005,0.0000,-0.0000,-0.0000,-0.0000
-00098,000099,003978,-00003,000000,000003,0.0000,-0.0000,-0.0000,-0.0000
-00086,000106,004002,-00002,000003,000006,0.0000,-0.0000,-0.0000,-0.0000
-00075,000073,003989,-00001,-00001,000004,0.0000,-0.0000,-0.0000,-0.0000
-00088,000074,003972,-00002,000000,000001,0.0000,-0.0000,-0.0000,-0.0000
-00107,000086,003978,-00001,000002,000003,0.0000,-0.0000,-0.0000,-0.0000
-00108,000072,003964,-00002,000002,000000,0.0000,-0.0000,-0.0000,-0.0000
-00104,000058,003991,-00001,000000,000001,0.0000,-0.0000,-0.0000,-0.0000
-00059,000024,003999,-00002,-00002,-00001,0.0000,-0.0000,-0.0000,-0.0000
-00098,000032,003992,-00003,000002,-00003,0.0000,-0.0000,-0.0000,-0.0000
-00128,000071,004010,000002,-00004,-00004,0.0000,-0.0000,-0.0000,-0.0000
-00159,000073,004013,-00002,-00003,-00003,0.0000,-0.0000,-0.0000,-0.0000
-00145,000099,003994,-00002,-00001,-00003,0.0000,-0.0000,-0.0000,-0.0000
-00138,000106,003994,-00001,000002,000001,0.0000,-0.0000,-0.0000,-0.0000
-00110,000113,004015,000000,-00001,000003,0.0000,-0.0000,-0.0000,-0.0000
-00091,000124,003984,-00006,000000,000001,0.0000,-0.0000,-0.0000,-0.0000
-00069,000110,003984,-00004,-00001,-00001,0.0000,-0.0000,-0.0000,-0.0000
-00097,000088,003980,000001,000000,-00004,0.0000,-0.0000,-0.0000,-0.0000
-00106,000088,003970,-00002,-00001,-00003,0.0000,-0.0000,-0.0000,-0.0000
-00114,000096,003987,-00002,000000,-00003,0.0000,-0.0000,-0.0000,-0.0000
-00126,000085,004029,000000,-00001,000000,0.0000,-0.0000,-0.0000,-0.0000
-00115,000091,003996,000000,-00004,-00001,0.0000,-0.0000,-0.0000,-0.0000
-00119,000102,004019,-00002,000000,-00002,0.0000,-0.0000,-0.0000,-0.0000
-00101,000090,004012,-00002,-00001,000002,0.0000,-0.0000,-0.0000,-0.0000
-00091,000108,004003,-00001,000001,000000,0.0000,-0.0000,-0.0000,-0.0000
-00077,000109,004004,000001,000000,000000,0.0000,-0.0000,-0.0000,-0.0000
-00084,000084,003987,-00001,000001,-00002,0.0000,-0.0000,-0.0000,-0.0000
-00091,000084,004005,000002,000000,000001,0.0000,-0.0000,-0.0000,-0.0000
-00110,000106,003989,-00002,000001,000001,0.0000,-0.0000,-0.0000,-0.0000
-00109,000071,004001,000001,000000,000000,0.0000,-0.0000,-0.0000,-0.0000
-00116,000077,003995,000000,-00001,000000,0.0000,-0.0000,-0.0000,-0.0000
-00137,000088,004016,-00001,000000,000000,0.0000,-0.0000,-0.0000,-0.0000
-00138,000081,003968,-00004,000000,-00002,0.0000,-0.0000,-0.0000,-0.0000
-00116,000092,003999,000001,000002,-00001,0.0000,-0.0000,-0.0000,-0.0000
-00123,000096,004019,-00005,000002,-00003,0.0000,-0.0000,-0.0000,-0.0000
-00134,000089,004009,-00001,-00002,000000,0.0000,-0.0000,-0.0000,-0.0000
-00114,000101,003975,-00003,000001,-00001,0.0000,-0.0000,-0.0000,-0.0000
-00103,000111,003989,-00003,-00001,000001,0.0000,-0.0000,-0.0000,-0.0000
-00106,000097,003988,-00003,000001,000000,0.0000,-0.0000,-0.0000,-0.0000
-00092,000105,004010,-00003,000001,000000,0.0000,-0.0000,-0.0000,-0.0000
-00078,000096,003987,000000,-00002,000000,0.0000,-0.0000,-0.0000,-0.0000
-00097,000109,004022,-00001,000003,000001,0.0000,-0.0000,-0.0000,-0.0000
-00092,000099,003995,000000,000000,-00002,0.0000,-0.0000,-0.0000,-0.0000
-00079,000074,003986,-00002,000001,-00004,0.0000,-0.0000,-0.0000,-0.0000
-00128,000091,003989,-00001,000002,-00003,0.0000,-0.0000,-0.0000,-0.0000
-00134,000103,004004,-00002,000000,000001,0.0000,-0.0000,-0.0000,-0.0000
-00134,000068,004012,000000,-00001,000000,0.0000,-0.0000,-0.0000,-0.0000
-00116,000088,003993,000000,000001,000002,0.0000,-0.0000,-0.0000,-0.0000
-00095,000091,003996,-00001,-00002,000000,0.0000,-0.0000,-0.0000,-0.0000
-00107,000082,003988,-00002,000002,000000,0.0000,-0.0000,-0.0000,-0.0000
-00122,000090,003977,-00001,000000,-00004,0.0000,-0.0000,-0.0000,-0.0000
-00115,000095,004009,000000,000000,-00002,0.0000,-0.0000,-0.0000,-0.0000
-00100,000097,004004,-00003,000000,-00004,0.0000,-0.0000,-0.0000,-0.0000
-00142,000087,003988,000004,-00003,-00001,0.0000,-0.0000,-0.0000,-0.0000
-00123,000097,003989,000000,000000,000001,0.0000,-0.0000,-0.0000,-0.0000
-00118,000091,003978,-00002,000000,-00001,0.0000,-0.0000,-0.0000,-0.0000
-00130,000073,003985,-00004,-00001,000000,0.0000,-0.0000,-0.0000,-0.0000
-00114,000102,003988,000000,000001,000001,0.0000,-0.0000,-0.0000,-0.0000
-00098,000099,003963,-00003,000001,000002,0.0000,-0.0000,-0.0000,-0.0000
-00105,000087,003974,000000,000000,000000,0.0000,-0.0000,-0.0000,-0.0000
-00113,000088,004014,-00001,000003,000001,0.0000,-0.0000,-0.0000,-0.0000
-00133,000083,003983,-00001,000001,-00004,0.0000,-0.0000,-0.0000,-0.0000
-00119,000085,003993,000001,000000,-00003,0.0000,-0.0000,-0.0000,-0.0000
-00121,000088,003983,-00001,-00001,-00002,0.0000,-0.0000,-0.0000,-0.0000
-00118,000080,003999,000001,000002,-00001,0.0000,-0.0000,-0.0000,-0.0000
-00114,000105,004002,-00001,-00001,000000,0.0000,-0.0000,-0.0000,-0.0000
-00102,000094,004003,-00001,-00001,000000,0.0000,-0.0000,-0.0000,-0.0000
-00092,000098,003989,000001,-00001,000001,0.0000,-0.0000,-0.0000,-0.0000
-00089,000099,003989,-00001,000000,-00001,0.0000,-0.0000,-0.0000,-0.0000
-00092,000102,004017,-00004,-00001,000003,0.0000,-0.0000,-0.0000,-0.0000
-00120,000080,003983,000000,000002,000002,0.0000,-0.0000,-0.0000,-0.0000
-00120,000059,004008,-00002,-00001,000000,0.0000,-0.0000,-0.0000,-0.0000
-00146,000081,003995,000000,000001,000001,0.0000,-0.0000,-0.0000,-0.0000
-00118,000097,004007,-00004,000003,-00001,0.0000,-0.0000,-0.0000,-0.0000
-00137,000093,003976,000000,-00001,000001,0.0000,-0.0000,-0.0000,-0.0000
-00113,000086,004017,-00001,000001,000002,0.0000,-0.0000,-0.0000,-0.0000
-00114,000088,003989,000001,-00002,-00001,0.0000,-0.0000,-0.0000,-0.0000
-00120,000091,003956,-00003,-00001,-00002,0.0000,-0.0000,-0.0000,-0.0000
-00105,000087,004012,-00001,-00001,000000,0.0000,-0.0000,-0.0000,-0.0000
-00108,000093,003986,-00002,000001,000002,0.0000,-0.0000,-0.0000,-0.0000
-00082,000089,004008,-00001,-00001,000000,0.0000,-0.0000,-0.0000,-0.0000
-00099,000092,004015,000002,-00003,000000,0.0000,-0.0000,-0.0000,-0.0000
-00103,000112,004023,-00001,-00002,-00001,0.0000,-0.0000,-0.0000,-0.0000
-00084,000088,004014,000000,-00001,000000,0.0000,-0.0000,-0.0000,-0.0000
-00095,000091,004007,-00004,000003,-00001,0.0000,-0.0000,-0.0000,-0.0000
-00103,000099,004008,-00003,000000,-00003,0.0000,-0.0000,-0.0000,-0.0000
-00120,000094,004003,000001,000001,-00002,0.0000,-0.0000,-0.0000,-0.0000
-00134,000097,003988,000000,-00001,-00003,0.0000,-0.0000,-0.0000,-0.0000
-00138,000083,004013,-00001,000002,000002,0.0000,-0.0000,-0.0000,-0.0000
-00132,000095,003946,-00004,000000,-00002,0.0000,-0.0000,-0.0000,-0.0000
-00121,000090,003979,000000,000001,000001,0.0000,-0.0000,-0.0000,-0.0000
-00106,000101,003992,-00003,000001,000000,0.0000,-0.0000,-0.0000,-0.0000
-00098,000103,003971,-00002,000000,000000,0.0000,-0.0000,-0.0000,-0.0000
-00091,000086,004012,000000,-00001,-00004,0.0000,-0.0000,-0.0000,-0.0000
-00104,000089,004016,-00004,-00001,-00003,0.0000,-0.0000,-0.0000,-0.0000
-00096,000067,003997,-00003,-00002,000001,0.0000,-0.0000,-0.0000,-0.0000
-00108,000068,004002,000001,000001,000001,0.0000,-0.0000,-0.0000,-0.0000
